100	1.14484e-06 
200	2.28948e-06 
300	3.43392e-06 
400	4.57817e-06 
500	5.72222e-06 
600	6.86608e-06 
700	8.00974e-06 
800	9.15321e-06 
900	1.02965e-05 
1000	1.14395e-05 
1100	1.25824e-05 
1200	1.37251e-05 
1300	1.48676e-05 
1400	1.60099e-05 
1500	1.7152e-05 
1600	1.82939e-05 
1700	1.94356e-05 
1800	2.05771e-05 
1900	2.17184e-05 
2000	2.28595e-05 
2100	2.40004e-05 
2200	2.51411e-05 
2300	2.62816e-05 
2400	2.74219e-05 
2500	2.8562e-05 
2600	2.9702e-05 
2700	3.08417e-05 
2800	3.19812e-05 
2900	3.31205e-05 
3000	3.42597e-05 
3100	3.53986e-05 
3200	3.65373e-05 
3300	3.76759e-05 
3400	3.88142e-05 
3500	3.99523e-05 
3600	4.10903e-05 
3700	4.2228e-05 
3800	4.33656e-05 
3900	4.45029e-05 
4000	4.564e-05 
4100	4.6777e-05 
4200	4.79137e-05 
4300	4.90503e-05 
4400	5.01866e-05 
4500	5.13228e-05 
4600	5.24587e-05 
4700	5.35945e-05 
4800	5.473e-05 
4900	5.58654e-05 
5000	5.70005e-05 
5100	5.81355e-05 
5200	5.92702e-05 
5300	6.04048e-05 
5400	6.15392e-05 
5500	6.26733e-05 
5600	6.38073e-05 
5700	6.4941e-05 
5800	6.60746e-05 
5900	6.72079e-05 
6000	6.83411e-05 
6100	6.9474e-05 
6200	7.06068e-05 
6300	7.17393e-05 
6400	7.28717e-05 
6500	7.40038e-05 
6600	7.51357e-05 
6700	7.62675e-05 
6800	7.7399e-05 
6900	7.85304e-05 
7000	7.96615e-05 
7100	8.07925e-05 
7200	8.19232e-05 
7300	8.30537e-05 
7400	8.41841e-05 
7500	8.53142e-05 
7600	8.64441e-05 
7700	8.75738e-05 
7800	8.87034e-05 
7900	8.98327e-05 
8000	9.09618e-05 
8100	9.20907e-05 
8200	9.32195e-05 
8300	9.4348e-05 
8400	9.54763e-05 
8500	9.66044e-05 
8600	9.77323e-05 
8700	9.886e-05 
8800	9.99875e-05 
8900	0.000101115 
9000	0.000102242 
9100	0.000103369 
9200	0.000104495 
9300	0.000105622 
9400	0.000106748 
9500	0.000107874 
9600	0.000109 
9700	0.000110126 
9800	0.000111251 
9900	0.000112377 
10000	0.000113502 
10100	0.000114627 
10200	0.000115751 
10300	0.000116876 
10400	0.000118 
10500	0.000119124 
10600	0.000120248 
10700	0.000121371 
10800	0.000122495 
10900	0.000123618 
11000	0.000124741 
11100	0.000125864 
11200	0.000126986 
11300	0.000128109 
11400	0.000129231 
11500	0.000130353 
11600	0.000131475 
11700	0.000132596 
11800	0.000133718 
11900	0.000134839 
12000	0.00013596 
12100	0.000137081 
12200	0.000138201 
12300	0.000139322 
12400	0.000140442 
12500	0.000141562 
12600	0.000142681 
12700	0.000143801 
12800	0.00014492 
12900	0.000146039 
13000	0.000147158 
13100	0.000148277 
13200	0.000149395 
13300	0.000150514 
13400	0.000151632 
13500	0.00015275 
13600	0.000153867 
13700	0.000154985 
13800	0.000156102 
13900	0.000157219 
14000	0.000158336 
14100	0.000159453 
14200	0.000160569 
14300	0.000161685 
14400	0.000162801 
14500	0.000163917 
14600	0.000165033 
14700	0.000166148 
14800	0.000167263 
14900	0.000168378 
15000	0.000169493 
15100	0.000170607 
15200	0.000171722 
15300	0.000172836 
15400	0.00017395 
15500	0.000175064 
15600	0.000176177 
15700	0.00017729 
15800	0.000178403 
15900	0.000179516 
16000	0.000180629 
16100	0.000181741 
16200	0.000182854 
16300	0.000183966 
16400	0.000185078 
16500	0.000186189 
16600	0.000187301 
16700	0.000188412 
16800	0.000189523 
16900	0.000190634 
17000	0.000191744 
17100	0.000192855 
17200	0.000193965 
17300	0.000195075 
17400	0.000196185 
17500	0.000197294 
17600	0.000198403 
17700	0.000199512 
17800	0.000200621 
17900	0.00020173 
18000	0.000202839 
18100	0.000203947 
18200	0.000205055 
18300	0.000206163 
18400	0.00020727 
18500	0.000208378 
18600	0.000209485 
18700	0.000210592 
18800	0.000211699 
18900	0.000212805 
19000	0.000213912 
19100	0.000215018 
19200	0.000216124 
19300	0.00021723 
19400	0.000218335 
19500	0.000219441 
19600	0.000220546 
19700	0.000221651 
19800	0.000222755 
19900	0.00022386 
20000	0.000224964 
20100	0.000226068 
20200	0.000227172 
20300	0.000228275 
20400	0.000229379 
20500	0.000230482 
20600	0.000231585 
20700	0.000232688 
20800	0.00023379 
20900	0.000234893 
21000	0.000235995 
21100	0.000237097 
21200	0.000238198 
21300	0.0002393 
21400	0.000240401 
21500	0.000241502 
21600	0.000242603 
21700	0.000243704 
21800	0.000244804 
21900	0.000245905 
22000	0.000247005 
22100	0.000248104 
22200	0.000249204 
22300	0.000250303 
22400	0.000251402 
22500	0.000252501 
22600	0.0002536 
22700	0.000254699 
22800	0.000255797 
22900	0.000256895 
23000	0.000257993 
23100	0.00025909 
23200	0.000260188 
23300	0.000261285 
23400	0.000262382 
23500	0.000263479 
23600	0.000264575 
23700	0.000265672 
23800	0.000266768 
23900	0.000267864 
24000	0.00026896 
24100	0.000270055 
24200	0.00027115 
24300	0.000272245 
24400	0.00027334 
24500	0.000274435 
24600	0.000275529 
24700	0.000276624 
24800	0.000277718 
24900	0.000278811 
25000	0.000279905 
25100	0.000280998 
25200	0.000282091 
25300	0.000283184 
25400	0.000284277 
25500	0.00028537 
25600	0.000286462 
25700	0.000287554 
25800	0.000288646 
25900	0.000289737 
26000	0.000290829 
26100	0.00029192 
26200	0.000293011 
26300	0.000294102 
26400	0.000295192 
26500	0.000296282 
26600	0.000297373 
26700	0.000298462 
26800	0.000299552 
26900	0.000300642 
27000	0.000301731 
27100	0.00030282 
27200	0.000303909 
27300	0.000304997 
27400	0.000306086 
27500	0.000307174 
27600	0.000308262 
27700	0.000309349 
27800	0.000310437 
27900	0.000311524 
28000	0.000312611 
28100	0.000313698 
28200	0.000314785 
28300	0.000315871 
28400	0.000316957 
28500	0.000318043 
28600	0.000319129 
28700	0.000320214 
28800	0.0003213 
28900	0.000322385 
29000	0.00032347 
29100	0.000324554 
29200	0.000325639 
29300	0.000326723 
29400	0.000327807 
29500	0.000328891 
29600	0.000329974 
29700	0.000331058 
29800	0.000332141 
29900	0.000333224 
30000	0.000334306 
30100	0.000335389 
30200	0.000336471 
30300	0.000337553 
30400	0.000338635 
30500	0.000339716 
30600	0.000340798 
30700	0.000341879 
30800	0.00034296 
30900	0.00034404 
31000	0.000345121 
31100	0.000346201 
31200	0.000347281 
31300	0.000348361 
31400	0.000349441 
31500	0.00035052 
31600	0.000351599 
31700	0.000352678 
31800	0.000353757 
31900	0.000354835 
32000	0.000355914 
32100	0.000356992 
32200	0.000358069 
32300	0.000359147 
32400	0.000360224 
32500	0.000361302 
32600	0.000362379 
32700	0.000363455 
32800	0.000364532 
32900	0.000365608 
33000	0.000366684 
33100	0.00036776 
33200	0.000368836 
33300	0.000369911 
33400	0.000370986 
33500	0.000372061 
33600	0.000373136 
33700	0.00037421 
33800	0.000375285 
33900	0.000376359 
34000	0.000377432 
34100	0.000378506 
34200	0.000379579 
34300	0.000380653 
34400	0.000381726 
34500	0.000382798 
34600	0.000383871 
34700	0.000384943 
34800	0.000386015 
34900	0.000387087 
35000	0.000388159 
35100	0.00038923 
35200	0.000390301 
35300	0.000391372 
35400	0.000392443 
35500	0.000393513 
35600	0.000394583 
35700	0.000395654 
35800	0.000396723 
35900	0.000397793 
36000	0.000398862 
36100	0.000399931 
36200	0.000401 
36300	0.000402069 
36400	0.000403138 
36500	0.000404206 
36600	0.000405274 
36700	0.000406342 
36800	0.000407409 
36900	0.000408477 
37000	0.000409544 
37100	0.000410611 
37200	0.000411677 
37300	0.000412744 
37400	0.00041381 
37500	0.000414876 
37600	0.000415942 
37700	0.000417007 
37800	0.000418073 
37900	0.000419138 
38000	0.000420203 
38100	0.000421267 
38200	0.000422332 
38300	0.000423396 
38400	0.00042446 
38500	0.000425524 
38600	0.000426587 
38700	0.00042765 
38800	0.000428713 
38900	0.000429776 
39000	0.000430839 
39100	0.000431901 
39200	0.000432963 
39300	0.000434025 
39400	0.000435087 
39500	0.000436149 
39600	0.00043721 
39700	0.000438271 
39800	0.000439332 
39900	0.000440392 
40000	0.000441453 
40100	0.000442513 
40200	0.000443573 
40300	0.000444632 
40400	0.000445692 
40500	0.000446751 
40600	0.00044781 
40700	0.000448869 
40800	0.000449927 
40900	0.000450986 
41000	0.000452044 
41100	0.000453102 
41200	0.000454159 
41300	0.000455217 
41400	0.000456274 
41500	0.000457331 
41600	0.000458387 
41700	0.000459444 
41800	0.0004605 
41900	0.000461556 
42000	0.000462612 
42100	0.000463668 
42200	0.000464723 
42300	0.000465778 
42400	0.000466833 
42500	0.000467888 
42600	0.000468942 
42700	0.000469996 
42800	0.00047105 
42900	0.000472104 
43000	0.000473158 
43100	0.000474211 
43200	0.000475264 
43300	0.000476317 
43400	0.000477369 
43500	0.000478422 
43600	0.000479474 
43700	0.000480526 
43800	0.000481577 
43900	0.000482629 
44000	0.00048368 
44100	0.000484731 
44200	0.000485782 
44300	0.000486832 
44400	0.000487883 
44500	0.000488933 
44600	0.000489983 
44700	0.000491032 
44800	0.000492082 
44900	0.000493131 
45000	0.00049418 
45100	0.000495229 
45200	0.000496277 
45300	0.000497325 
45400	0.000498373 
45500	0.000499421 
45600	0.000500469 
45700	0.000501516 
45800	0.000502563 
45900	0.00050361 
46000	0.000504656 
46100	0.000505703 
46200	0.000506749 
46300	0.000507795 
46400	0.000508841 
46500	0.000509886 
46600	0.000510931 
46700	0.000511976 
46800	0.000513021 
46900	0.000514066 
47000	0.00051511 
47100	0.000516154 
47200	0.000517198 
47300	0.000518242 
47400	0.000519285 
47500	0.000520328 
47600	0.000521371 
47700	0.000522414 
47800	0.000523456 
47900	0.000524498 
48000	0.00052554 
48100	0.000526582 
48200	0.000527624 
48300	0.000528665 
48400	0.000529706 
48500	0.000530747 
48600	0.000531788 
48700	0.000532828 
48800	0.000533868 
48900	0.000534908 
49000	0.000535948 
49100	0.000536987 
49200	0.000538026 
49300	0.000539065 
49400	0.000540104 
49500	0.000541143 
49600	0.000542181 
49700	0.000543219 
49800	0.000544257 
49900	0.000545294 
50000	0.000546332 
50100	0.000547369 
50200	0.000548406 
50300	0.000549442 
50400	0.000550479 
50500	0.000551515 
50600	0.000552551 
50700	0.000553586 
50800	0.000554622 
50900	0.000555657 
51000	0.000556692 
51100	0.000557727 
51200	0.000558761 
51300	0.000559796 
51400	0.00056083 
51500	0.000561864 
51600	0.000562897 
51700	0.000563931 
51800	0.000564964 
51900	0.000565997 
52000	0.000567029 
52100	0.000568062 
52200	0.000569094 
52300	0.000570126 
52400	0.000571158 
52500	0.000572189 
52600	0.00057322 
52700	0.000574251 
52800	0.000575282 
52900	0.000576313 
53000	0.000577343 
53100	0.000578373 
53200	0.000579403 
53300	0.000580432 
53400	0.000581462 
53500	0.000582491 
53600	0.00058352 
53700	0.000584548 
53800	0.000585577 
53900	0.000586605 
54000	0.000587633 
54100	0.000588661 
54200	0.000589688 
54300	0.000590715 
54400	0.000591742 
54500	0.000592769 
54600	0.000593796 
54700	0.000594822 
54800	0.000595848 
54900	0.000596874 
55000	0.0005979 
55100	0.000598925 
55200	0.00059995 
55300	0.000600975 
55400	0.000602 
55500	0.000603024 
55600	0.000604048 
55700	0.000605072 
55800	0.000606096 
55900	0.000607119 
56000	0.000608142 
56100	0.000609165 
56200	0.000610188 
56300	0.000611211 
56400	0.000612233 
56500	0.000613255 
56600	0.000614277 
56700	0.000615298 
56800	0.00061632 
56900	0.000617341 
57000	0.000618362 
57100	0.000619382 
57200	0.000620402 
57300	0.000621423 
57400	0.000622443 
57500	0.000623462 
57600	0.000624482 
57700	0.000625501 
57800	0.00062652 
57900	0.000627538 
58000	0.000628557 
58100	0.000629575 
58200	0.000630593 
58300	0.000631611 
58400	0.000632628 
58500	0.000633646 
58600	0.000634663 
58700	0.000635679 
58800	0.000636696 
58900	0.000637712 
59000	0.000638728 
59100	0.000639744 
59200	0.00064076 
59300	0.000641775 
59400	0.00064279 
59500	0.000643805 
59600	0.00064482 
59700	0.000645834 
59800	0.000646848 
59900	0.000647862 
60000	0.000648876 
60100	0.000649889 
60200	0.000650903 
60300	0.000651915 
60400	0.000652928 
60500	0.000653941 
60600	0.000654953 
60700	0.000655965 
60800	0.000656977 
60900	0.000657988 
61000	0.000658999 
61100	0.000660011 
61200	0.000661021 
61300	0.000662032 
61400	0.000663042 
61500	0.000664052 
61600	0.000665062 
61700	0.000666072 
61800	0.000667081 
61900	0.00066809 
62000	0.000669099 
62100	0.000670108 
62200	0.000671116 
62300	0.000672124 
62400	0.000673132 
62500	0.00067414 
62600	0.000675147 
62700	0.000676154 
62800	0.000677161 
62900	0.000678168 
63000	0.000679175 
63100	0.000680181 
63200	0.000681187 
63300	0.000682192 
63400	0.000683198 
63500	0.000684203 
63600	0.000685208 
63700	0.000686213 
63800	0.000687217 
63900	0.000688222 
64000	0.000689226 
64100	0.00069023 
64200	0.000691233 
64300	0.000692236 
64400	0.00069324 
64500	0.000694242 
64600	0.000695245 
64700	0.000696247 
64800	0.000697249 
64900	0.000698251 
65000	0.000699253 
65100	0.000700254 
65200	0.000701255 
65300	0.000702256 
65400	0.000703257 
65500	0.000704257 
65600	0.000705258 
65700	0.000706257 
65800	0.000707257 
65900	0.000708257 
66000	0.000709256 
66100	0.000710255 
66200	0.000711253 
66300	0.000712252 
66400	0.00071325 
66500	0.000714248 
66600	0.000715246 
66700	0.000716243 
66800	0.00071724 
66900	0.000718237 
67000	0.000719234 
67100	0.000720231 
67200	0.000721227 
67300	0.000722223 
67400	0.000723219 
67500	0.000724214 
67600	0.00072521 
67700	0.000726205 
67800	0.000727199 
67900	0.000728194 
68000	0.000729188 
68100	0.000730182 
68200	0.000731176 
68300	0.00073217 
68400	0.000733163 
68500	0.000734156 
68600	0.000735149 
68700	0.000736142 
68800	0.000737134 
68900	0.000738126 
69000	0.000739118 
69100	0.00074011 
69200	0.000741101 
69300	0.000742092 
69400	0.000743083 
69500	0.000744074 
69600	0.000745064 
69700	0.000746054 
69800	0.000747044 
69900	0.000748034 
70000	0.000749023 
70100	0.000750012 
70200	0.000751001 
70300	0.00075199 
70400	0.000752978 
70500	0.000753967 
70600	0.000754955 
70700	0.000755942 
70800	0.00075693 
70900	0.000757917 
71000	0.000758904 
71100	0.000759891 
71200	0.000760877 
71300	0.000761863 
71400	0.000762849 
71500	0.000763835 
71600	0.00076482 
71700	0.000765806 
71800	0.000766791 
71900	0.000767775 
72000	0.00076876 
72100	0.000769744 
72200	0.000770728 
72300	0.000771712 
72400	0.000772695 
72500	0.000773679 
72600	0.000774662 
72700	0.000775644 
72800	0.000776627 
72900	0.000777609 
73000	0.000778591 
73100	0.000779573 
73200	0.000780555 
73300	0.000781536 
73400	0.000782517 
73500	0.000783498 
73600	0.000784478 
73700	0.000785458 
73800	0.000786438 
73900	0.000787418 
74000	0.000788398 
74100	0.000789377 
74200	0.000790356 
74300	0.000791335 
74400	0.000792314 
74500	0.000793292 
74600	0.00079427 
74700	0.000795248 
74800	0.000796225 
74900	0.000797203 
75000	0.00079818 
75100	0.000799157 
75200	0.000800133 
75300	0.000801109 
75400	0.000802085 
75500	0.000803061 
75600	0.000804037 
75700	0.000805012 
75800	0.000805987 
75900	0.000806962 
76000	0.000807937 
76100	0.000808911 
76200	0.000809885 
76300	0.000810859 
76400	0.000811833 
76500	0.000812806 
76600	0.000813779 
76700	0.000814752 
76800	0.000815724 
76900	0.000816697 
77000	0.000817669 
77100	0.000818641 
77200	0.000819612 
77300	0.000820584 
77400	0.000821555 
77500	0.000822526 
77600	0.000823496 
77700	0.000824467 
77800	0.000825437 
77900	0.000826406 
78000	0.000827376 
78100	0.000828345 
78200	0.000829315 
78300	0.000830283 
78400	0.000831252 
78500	0.00083222 
78600	0.000833188 
78700	0.000834156 
78800	0.000835124 
78900	0.000836091 
79000	0.000837058 
79100	0.000838025 
79200	0.000838992 
79300	0.000839958 
79400	0.000840924 
79500	0.00084189 
79600	0.000842856 
79700	0.000843821 
79800	0.000844786 
79900	0.000845751 
80000	0.000846716 
80100	0.00084768 
80200	0.000848644 
80300	0.000849608 
80400	0.000850571 
80500	0.000851535 
80600	0.000852498 
80700	0.000853461 
80800	0.000854423 
80900	0.000855386 
81000	0.000856348 
81100	0.000857309 
81200	0.000858271 
81300	0.000859232 
81400	0.000860193 
81500	0.000861154 
81600	0.000862115 
81700	0.000863075 
81800	0.000864035 
81900	0.000864995 
82000	0.000865955 
82100	0.000866914 
82200	0.000867873 
82300	0.000868832 
82400	0.00086979 
82500	0.000870749 
82600	0.000871707 
82700	0.000872664 
82800	0.000873622 
82900	0.000874579 
83000	0.000875536 
83100	0.000876493 
83200	0.00087745 
83300	0.000878406 
83400	0.000879362 
83500	0.000880318 
83600	0.000881273 
83700	0.000882229 
83800	0.000883184 
83900	0.000884138 
84000	0.000885093 
84100	0.000886047 
84200	0.000887001 
84300	0.000887955 
84400	0.000888908 
84500	0.000889862 
84600	0.000890815 
84700	0.000891767 
84800	0.00089272 
84900	0.000893672 
85000	0.000894624 
85100	0.000895576 
85200	0.000896527 
85300	0.000897479 
85400	0.00089843 
85500	0.00089938 
85600	0.000900331 
85700	0.000901281 
85800	0.000902231 
85900	0.000903181 
86000	0.00090413 
86100	0.000905079 
86200	0.000906028 
86300	0.000906977 
86400	0.000907925 
86500	0.000908873 
86600	0.000909821 
86700	0.000910769 
86800	0.000911716 
86900	0.000912664 
87000	0.000913611 
87100	0.000914557 
87200	0.000915504 
87300	0.00091645 
87400	0.000917396 
87500	0.000918341 
87600	0.000919287 
87700	0.000920232 
87800	0.000921177 
87900	0.000922121 
88000	0.000923066 
88100	0.00092401 
88200	0.000924954 
88300	0.000925897 
88400	0.000926841 
88500	0.000927784 
88600	0.000928726 
88700	0.000929669 
88800	0.000930611 
88900	0.000931553 
89000	0.000932495 
89100	0.000933437 
89200	0.000934378 
89300	0.000935319 
89400	0.00093626 
89500	0.0009372 
89600	0.000938141 
89700	0.000939081 
89800	0.000940021 
89900	0.00094096 
90000	0.000941899 
90100	0.000942838 
90200	0.000943777 
90300	0.000944716 
90400	0.000945654 
90500	0.000946592 
90600	0.000947529 
90700	0.000948467 
90800	0.000949404 
90900	0.000950341 
91000	0.000951278 
91100	0.000952214 
91200	0.00095315 
91300	0.000954086 
91400	0.000955022 
91500	0.000955957 
91600	0.000956893 
91700	0.000957827 
91800	0.000958762 
91900	0.000959697 
92000	0.000960631 
92100	0.000961565 
92200	0.000962498 
92300	0.000963432 
92400	0.000964365 
92500	0.000965297 
92600	0.00096623 
92700	0.000967162 
92800	0.000968094 
92900	0.000969026 
93000	0.000969958 
93100	0.000970889 
93200	0.00097182 
93300	0.000972751 
93400	0.000973682 
93500	0.000974612 
93600	0.000975542 
93700	0.000976472 
93800	0.000977401 
93900	0.00097833 
94000	0.000979259 
94100	0.000980188 
94200	0.000981117 
94300	0.000982045 
94400	0.000982973 
94500	0.0009839 
94600	0.000984828 
94700	0.000985755 
94800	0.000986682 
94900	0.000987609 
95000	0.000988535 
95100	0.000989461 
95200	0.000990387 
95300	0.000991313 
95400	0.000992238 
95500	0.000993163 
95600	0.000994088 
95700	0.000995013 
95800	0.000995937 
95900	0.000996861 
96000	0.000997785 
96100	0.000998709 
96200	0.000999632 
96300	0.00100055 
96400	0.00100148 
96500	0.0010024 
96600	0.00100332 
96700	0.00100424 
96800	0.00100517 
96900	0.00100609 
97000	0.00100701 
97100	0.00100793 
97200	0.00100885 
97300	0.00100977 
97400	0.00101069 
97500	0.00101161 
97600	0.00101253 
97700	0.00101345 
97800	0.00101437 
97900	0.00101529 
98000	0.00101621 
98100	0.00101713 
98200	0.00101804 
98300	0.00101896 
98400	0.00101988 
98500	0.0010208 
98600	0.00102171 
98700	0.00102263 
98800	0.00102355 
98900	0.00102446 
99000	0.00102538 
99100	0.0010263 
99200	0.00102721 
99300	0.00102813 
99400	0.00102904 
99500	0.00102996 
99600	0.00103087 
99700	0.00103178 
99800	0.0010327 
99900	0.00103361 
100000	0.00103453 
100100	0.00103544 
100200	0.00103635 
100300	0.00103726 
100400	0.00103818 
100500	0.00103909 
100600	0.00104 
100700	0.00104091 
100800	0.00104182 
100900	0.00104273 
101000	0.00104365 
101100	0.00104456 
101200	0.00104547 
101300	0.00104638 
101400	0.00104729 
101500	0.0010482 
101600	0.00104911 
101700	0.00105001 
101800	0.00105092 
101900	0.00105183 
102000	0.00105274 
102100	0.00105365 
102200	0.00105456 
102300	0.00105546 
102400	0.00105637 
102500	0.00105728 
102600	0.00105818 
102700	0.00105909 
102800	0.00106 
102900	0.0010609 
103000	0.00106181 
103100	0.00106271 
103200	0.00106362 
103300	0.00106452 
103400	0.00106543 
103500	0.00106633 
103600	0.00106724 
103700	0.00106814 
103800	0.00106904 
103900	0.00106995 
104000	0.00107085 
104100	0.00107175 
104200	0.00107266 
104300	0.00107356 
104400	0.00107446 
104500	0.00107536 
104600	0.00107626 
104700	0.00107716 
104800	0.00107806 
104900	0.00107897 
105000	0.00107987 
105100	0.00108077 
105200	0.00108167 
105300	0.00108257 
105400	0.00108346 
105500	0.00108436 
105600	0.00108526 
105700	0.00108616 
105800	0.00108706 
105900	0.00108796 
106000	0.00108886 
106100	0.00108975 
106200	0.00109065 
106300	0.00109155 
106400	0.00109244 
106500	0.00109334 
106600	0.00109424 
106700	0.00109513 
106800	0.00109603 
106900	0.00109692 
107000	0.00109782 
107100	0.00109871 
107200	0.00109961 
107300	0.0011005 
107400	0.0011014 
107500	0.00110229 
107600	0.00110318 
107700	0.00110408 
107800	0.00110497 
107900	0.00110586 
108000	0.00110676 
108100	0.00110765 
108200	0.00110854 
108300	0.00110943 
108400	0.00111032 
108500	0.00111121 
108600	0.0011121 
108700	0.001113 
108800	0.00111389 
108900	0.00111478 
109000	0.00111567 
109100	0.00111656 
109200	0.00111744 
109300	0.00111833 
109400	0.00111922 
109500	0.00112011 
109600	0.001121 
109700	0.00112189 
109800	0.00112278 
109900	0.00112366 
110000	0.00112455 
110100	0.00112544 
110200	0.00112632 
110300	0.00112721 
110400	0.0011281 
110500	0.00112898 
110600	0.00112987 
110700	0.00113075 
110800	0.00113164 
110900	0.00113252 
111000	0.00113341 
111100	0.00113429 
111200	0.00113518 
111300	0.00113606 
111400	0.00113694 
111500	0.00113783 
111600	0.00113871 
111700	0.00113959 
111800	0.00114047 
111900	0.00114136 
112000	0.00114224 
112100	0.00114312 
112200	0.001144 
112300	0.00114488 
112400	0.00114576 
112500	0.00114664 
112600	0.00114753 
112700	0.00114841 
112800	0.00114928 
112900	0.00115016 
113000	0.00115104 
113100	0.00115192 
113200	0.0011528 
113300	0.00115368 
113400	0.00115456 
113500	0.00115544 
113600	0.00115631 
113700	0.00115719 
113800	0.00115807 
113900	0.00115895 
114000	0.00115982 
114100	0.0011607 
114200	0.00116157 
114300	0.00116245 
114400	0.00116333 
114500	0.0011642 
114600	0.00116508 
114700	0.00116595 
114800	0.00116683 
114900	0.0011677 
115000	0.00116857 
115100	0.00116945 
115200	0.00117032 
115300	0.00117119 
115400	0.00117207 
115500	0.00117294 
115600	0.00117381 
115700	0.00117468 
115800	0.00117556 
115900	0.00117643 
116000	0.0011773 
116100	0.00117817 
116200	0.00117904 
116300	0.00117991 
116400	0.00118078 
116500	0.00118165 
116600	0.00118252 
116700	0.00118339 
116800	0.00118426 
116900	0.00118513 
117000	0.001186 
117100	0.00118687 
117200	0.00118773 
117300	0.0011886 
117400	0.00118947 
117500	0.00119034 
117600	0.0011912 
117700	0.00119207 
117800	0.00119294 
117900	0.0011938 
118000	0.00119467 
118100	0.00119553 
118200	0.0011964 
118300	0.00119727 
118400	0.00119813 
118500	0.00119899 
118600	0.00119986 
118700	0.00120072 
118800	0.00120159 
118900	0.00120245 
119000	0.00120331 
119100	0.00120418 
119200	0.00120504 
119300	0.0012059 
119400	0.00120676 
119500	0.00120763 
119600	0.00120849 
119700	0.00120935 
119800	0.00121021 
119900	0.00121107 
120000	0.00121193 
120100	0.00121279 
120200	0.00121365 
120300	0.00121451 
120400	0.00121537 
120500	0.00121623 
120600	0.00121709 
120700	0.00121795 
120800	0.00121881 
120900	0.00121967 
121000	0.00122052 
121100	0.00122138 
121200	0.00122224 
121300	0.0012231 
121400	0.00122395 
121500	0.00122481 
121600	0.00122567 
121700	0.00122652 
121800	0.00122738 
121900	0.00122823 
122000	0.00122909 
122100	0.00122994 
122200	0.0012308 
122300	0.00123165 
122400	0.00123251 
122500	0.00123336 
122600	0.00123421 
122700	0.00123507 
122800	0.00123592 
122900	0.00123677 
123000	0.00123763 
123100	0.00123848 
123200	0.00123933 
123300	0.00124018 
123400	0.00124103 
123500	0.00124189 
123600	0.00124274 
123700	0.00124359 
123800	0.00124444 
123900	0.00124529 
124000	0.00124614 
124100	0.00124699 
124200	0.00124784 
124300	0.00124869 
124400	0.00124953 
124500	0.00125038 
124600	0.00125123 
124700	0.00125208 
124800	0.00125293 
124900	0.00125377 
125000	0.00125462 
125100	0.00125547 
125200	0.00125632 
125300	0.00125716 
125400	0.00125801 
125500	0.00125885 
125600	0.0012597 
125700	0.00126054 
125800	0.00126139 
125900	0.00126223 
126000	0.00126308 
126100	0.00126392 
126200	0.00126477 
126300	0.00126561 
126400	0.00126645 
126500	0.0012673 
126600	0.00126814 
126700	0.00126898 
126800	0.00126983 
126900	0.00127067 
127000	0.00127151 
127100	0.00127235 
127200	0.00127319 
127300	0.00127403 
127400	0.00127487 
127500	0.00127571 
127600	0.00127655 
127700	0.00127739 
127800	0.00127823 
127900	0.00127907 
128000	0.00127991 
128100	0.00128075 
128200	0.00128159 
128300	0.00128243 
128400	0.00128327 
128500	0.0012841 
128600	0.00128494 
128700	0.00128578 
128800	0.00128662 
128900	0.00128745 
129000	0.00128829 
129100	0.00128912 
129200	0.00128996 
129300	0.0012908 
129400	0.00129163 
129500	0.00129247 
129600	0.0012933 
129700	0.00129414 
129800	0.00129497 
129900	0.0012958 
130000	0.00129664 
130100	0.00129747 
130200	0.0012983 
130300	0.00129914 
130400	0.00129997 
130500	0.0013008 
130600	0.00130163 
130700	0.00130247 
130800	0.0013033 
130900	0.00130413 
131000	0.00130496 
131100	0.00130579 
131200	0.00130662 
131300	0.00130745 
131400	0.00130828 
131500	0.00130911 
131600	0.00130994 
131700	0.00131077 
131800	0.0013116 
131900	0.00131243 
132000	0.00131325 
132100	0.00131408 
132200	0.00131491 
132300	0.00131574 
132400	0.00131656 
132500	0.00131739 
132600	0.00131822 
132700	0.00131904 
132800	0.00131987 
132900	0.0013207 
133000	0.00132152 
133100	0.00132235 
133200	0.00132317 
133300	0.001324 
133400	0.00132482 
133500	0.00132565 
133600	0.00132647 
133700	0.00132729 
133800	0.00132812 
133900	0.00132894 
134000	0.00132976 
134100	0.00133059 
134200	0.00133141 
134300	0.00133223 
134400	0.00133305 
134500	0.00133387 
134600	0.00133469 
134700	0.00133552 
134800	0.00133634 
134900	0.00133716 
135000	0.00133798 
135100	0.0013388 
135200	0.00133962 
135300	0.00134044 
135400	0.00134125 
135500	0.00134207 
135600	0.00134289 
135700	0.00134371 
135800	0.00134453 
135900	0.00134535 
136000	0.00134616 
136100	0.00134698 
136200	0.0013478 
136300	0.00134861 
136400	0.00134943 
136500	0.00135025 
136600	0.00135106 
136700	0.00135188 
136800	0.00135269 
136900	0.00135351 
137000	0.00135432 
137100	0.00135514 
137200	0.00135595 
137300	0.00135676 
137400	0.00135758 
137500	0.00135839 
137600	0.0013592 
137700	0.00136002 
137800	0.00136083 
137900	0.00136164 
138000	0.00136245 
138100	0.00136326 
138200	0.00136408 
138300	0.00136489 
138400	0.0013657 
138500	0.00136651 
138600	0.00136732 
138700	0.00136813 
138800	0.00136894 
138900	0.00136975 
139000	0.00137056 
139100	0.00137137 
139200	0.00137218 
139300	0.00137298 
139400	0.00137379 
139500	0.0013746 
139600	0.00137541 
139700	0.00137621 
139800	0.00137702 
139900	0.00137783 
140000	0.00137863 
140100	0.00137944 
140200	0.00138025 
140300	0.00138105 
140400	0.00138186 
140500	0.00138266 
140600	0.00138347 
140700	0.00138427 
140800	0.00138508 
140900	0.00138588 
141000	0.00138668 
141100	0.00138749 
141200	0.00138829 
141300	0.00138909 
141400	0.0013899 
141500	0.0013907 
141600	0.0013915 
141700	0.0013923 
141800	0.0013931 
141900	0.00139391 
142000	0.00139471 
142100	0.00139551 
142200	0.00139631 
142300	0.00139711 
142400	0.00139791 
142500	0.00139871 
142600	0.00139951 
142700	0.00140031 
142800	0.0014011 
142900	0.0014019 
143000	0.0014027 
143100	0.0014035 
143200	0.0014043 
143300	0.00140509 
143400	0.00140589 
143500	0.00140669 
143600	0.00140749 
143700	0.00140828 
143800	0.00140908 
143900	0.00140987 
144000	0.00141067 
144100	0.00141146 
144200	0.00141226 
144300	0.00141305 
144400	0.00141385 
144500	0.00141464 
144600	0.00141544 
144700	0.00141623 
144800	0.00141702 
144900	0.00141782 
145000	0.00141861 
145100	0.0014194 
145200	0.00142019 
145300	0.00142099 
145400	0.00142178 
145500	0.00142257 
145600	0.00142336 
145700	0.00142415 
145800	0.00142494 
145900	0.00142573 
146000	0.00142652 
146100	0.00142731 
146200	0.0014281 
146300	0.00142889 
146400	0.00142968 
146500	0.00143047 
146600	0.00143126 
146700	0.00143204 
146800	0.00143283 
146900	0.00143362 
147000	0.00143441 
147100	0.00143519 
147200	0.00143598 
147300	0.00143677 
147400	0.00143755 
147500	0.00143834 
147600	0.00143912 
147700	0.00143991 
147800	0.00144069 
147900	0.00144148 
148000	0.00144226 
148100	0.00144305 
148200	0.00144383 
148300	0.00144462 
148400	0.0014454 
148500	0.00144618 
148600	0.00144697 
148700	0.00144775 
148800	0.00144853 
148900	0.00144931 
149000	0.00145009 
149100	0.00145088 
149200	0.00145166 
149300	0.00145244 
149400	0.00145322 
149500	0.001454 
149600	0.00145478 
149700	0.00145556 
149800	0.00145634 
149900	0.00145712 
150000	0.0014579 
150100	0.00145868 
150200	0.00145945 
150300	0.00146023 
150400	0.00146101 
150500	0.00146179 
150600	0.00146256 
150700	0.00146334 
150800	0.00146412 
150900	0.0014649 
151000	0.00146567 
151100	0.00146645 
151200	0.00146722 
151300	0.001468 
151400	0.00146877 
151500	0.00146955 
151600	0.00147032 
151700	0.0014711 
151800	0.00147187 
151900	0.00147265 
152000	0.00147342 
152100	0.00147419 
152200	0.00147497 
152300	0.00147574 
152400	0.00147651 
152500	0.00147728 
152600	0.00147805 
152700	0.00147883 
152800	0.0014796 
152900	0.00148037 
153000	0.00148114 
153100	0.00148191 
153200	0.00148268 
153300	0.00148345 
153400	0.00148422 
153500	0.00148499 
153600	0.00148576 
153700	0.00148653 
153800	0.00148729 
153900	0.00148806 
154000	0.00148883 
154100	0.0014896 
154200	0.00149037 
154300	0.00149113 
154400	0.0014919 
154500	0.00149267 
154600	0.00149343 
154700	0.0014942 
154800	0.00149496 
154900	0.00149573 
155000	0.0014965 
155100	0.00149726 
155200	0.00149802 
155300	0.00149879 
155400	0.00149955 
155500	0.00150032 
155600	0.00150108 
155700	0.00150184 
155800	0.00150261 
155900	0.00150337 
156000	0.00150413 
156100	0.00150489 
156200	0.00150566 
156300	0.00150642 
156400	0.00150718 
156500	0.00150794 
156600	0.0015087 
156700	0.00150946 
156800	0.00151022 
156900	0.00151098 
157000	0.00151174 
157100	0.0015125 
157200	0.00151326 
157300	0.00151402 
157400	0.00151478 
157500	0.00151554 
157600	0.00151629 
157700	0.00151705 
157800	0.00151781 
157900	0.00151857 
158000	0.00151932 
158100	0.00152008 
158200	0.00152084 
158300	0.00152159 
158400	0.00152235 
158500	0.0015231 
158600	0.00152386 
158700	0.00152461 
158800	0.00152537 
158900	0.00152612 
159000	0.00152688 
159100	0.00152763 
159200	0.00152838 
159300	0.00152914 
159400	0.00152989 
159500	0.00153064 
159600	0.0015314 
159700	0.00153215 
159800	0.0015329 
159900	0.00153365 
160000	0.0015344 
160100	0.00153515 
160200	0.0015359 
160300	0.00153665 
160400	0.0015374 
160500	0.00153815 
160600	0.0015389 
160700	0.00153965 
160800	0.0015404 
160900	0.00154115 
161000	0.0015419 
161100	0.00154265 
161200	0.0015434 
161300	0.00154414 
161400	0.00154489 
161500	0.00154564 
161600	0.00154639 
161700	0.00154713 
161800	0.00154788 
161900	0.00154863 
162000	0.00154937 
162100	0.00155012 
162200	0.00155086 
162300	0.00155161 
162400	0.00155235 
162500	0.0015531 
162600	0.00155384 
162700	0.00155458 
162800	0.00155533 
162900	0.00155607 
163000	0.00155681 
163100	0.00155756 
163200	0.0015583 
163300	0.00155904 
163400	0.00155978 
163500	0.00156052 
163600	0.00156127 
163700	0.00156201 
163800	0.00156275 
163900	0.00156349 
164000	0.00156423 
164100	0.00156497 
164200	0.00156571 
164300	0.00156645 
164400	0.00156719 
164500	0.00156793 
164600	0.00156866 
164700	0.0015694 
164800	0.00157014 
164900	0.00157088 
165000	0.00157162 
165100	0.00157235 
165200	0.00157309 
165300	0.00157383 
165400	0.00157456 
165500	0.0015753 
165600	0.00157603 
165700	0.00157677 
165800	0.00157751 
165900	0.00157824 
166000	0.00157898 
166100	0.00157971 
166200	0.00158044 
166300	0.00158118 
166400	0.00158191 
166500	0.00158264 
166600	0.00158338 
166700	0.00158411 
166800	0.00158484 
166900	0.00158557 
167000	0.00158631 
167100	0.00158704 
167200	0.00158777 
167300	0.0015885 
167400	0.00158923 
167500	0.00158996 
167600	0.00159069 
167700	0.00159142 
167800	0.00159215 
167900	0.00159288 
168000	0.00159361 
168100	0.00159434 
168200	0.00159507 
168300	0.0015958 
168400	0.00159652 
168500	0.00159725 
168600	0.00159798 
168700	0.00159871 
168800	0.00159943 
168900	0.00160016 
169000	0.00160089 
169100	0.00160161 
169200	0.00160234 
169300	0.00160306 
169400	0.00160379 
169500	0.00160451 
169600	0.00160524 
169700	0.00160596 
169800	0.00160669 
169900	0.00160741 
170000	0.00160813 
170100	0.00160886 
170200	0.00160958 
170300	0.0016103 
170400	0.00161103 
170500	0.00161175 
170600	0.00161247 
170700	0.00161319 
170800	0.00161391 
170900	0.00161463 
171000	0.00161535 
171100	0.00161607 
171200	0.00161679 
171300	0.00161751 
171400	0.00161823 
171500	0.00161895 
171600	0.00161967 
171700	0.00162039 
171800	0.00162111 
171900	0.00162183 
172000	0.00162255 
172100	0.00162326 
172200	0.00162398 
172300	0.0016247 
172400	0.00162542 
172500	0.00162613 
172600	0.00162685 
172700	0.00162756 
172800	0.00162828 
172900	0.001629 
173000	0.00162971 
173100	0.00163043 
173200	0.00163114 
173300	0.00163185 
173400	0.00163257 
173500	0.00163328 
173600	0.001634 
173700	0.00163471 
173800	0.00163542 
173900	0.00163613 
174000	0.00163685 
174100	0.00163756 
174200	0.00163827 
174300	0.00163898 
174400	0.00163969 
174500	0.0016404 
174600	0.00164112 
174700	0.00164183 
174800	0.00164254 
174900	0.00164325 
175000	0.00164396 
175100	0.00164466 
175200	0.00164537 
175300	0.00164608 
175400	0.00164679 
175500	0.0016475 
175600	0.00164821 
175700	0.00164891 
175800	0.00164962 
175900	0.00165033 
176000	0.00165104 
176100	0.00165174 
176200	0.00165245 
176300	0.00165315 
176400	0.00165386 
176500	0.00165457 
176600	0.00165527 
176700	0.00165598 
176800	0.00165668 
176900	0.00165738 
177000	0.00165809 
177100	0.00165879 
177200	0.0016595 
177300	0.0016602 
177400	0.0016609 
177500	0.0016616 
177600	0.00166231 
177700	0.00166301 
177800	0.00166371 
177900	0.00166441 
178000	0.00166511 
178100	0.00166581 
178200	0.00166651 
178300	0.00166722 
178400	0.00166792 
178500	0.00166862 
178600	0.00166931 
178700	0.00167001 
178800	0.00167071 
178900	0.00167141 
179000	0.00167211 
179100	0.00167281 
179200	0.00167351 
179300	0.0016742 
179400	0.0016749 
179500	0.0016756 
179600	0.00167629 
179700	0.00167699 
179800	0.00167769 
179900	0.00167838 
180000	0.00167908 
180100	0.00167977 
180200	0.00168047 
180300	0.00168116 
180400	0.00168186 
180500	0.00168255 
180600	0.00168325 
180700	0.00168394 
180800	0.00168463 
180900	0.00168533 
181000	0.00168602 
181100	0.00168671 
181200	0.0016874 
181300	0.0016881 
181400	0.00168879 
181500	0.00168948 
181600	0.00169017 
181700	0.00169086 
181800	0.00169155 
181900	0.00169224 
182000	0.00169293 
182100	0.00169362 
182200	0.00169431 
182300	0.001695 
182400	0.00169569 
182500	0.00169638 
182600	0.00169707 
182700	0.00169775 
182800	0.00169844 
182900	0.00169913 
183000	0.00169982 
183100	0.0017005 
183200	0.00170119 
183300	0.00170188 
183400	0.00170256 
183500	0.00170325 
183600	0.00170393 
183700	0.00170462 
183800	0.00170531 
183900	0.00170599 
184000	0.00170667 
184100	0.00170736 
184200	0.00170804 
184300	0.00170873 
184400	0.00170941 
184500	0.00171009 
184600	0.00171078 
184700	0.00171146 
184800	0.00171214 
184900	0.00171282 
185000	0.0017135 
185100	0.00171418 
185200	0.00171487 
185300	0.00171555 
185400	0.00171623 
185500	0.00171691 
185600	0.00171759 
185700	0.00171827 
185800	0.00171895 
185900	0.00171963 
186000	0.0017203 
186100	0.00172098 
186200	0.00172166 
186300	0.00172234 
186400	0.00172302 
186500	0.00172369 
186600	0.00172437 
186700	0.00172505 
186800	0.00172573 
186900	0.0017264 
187000	0.00172708 
187100	0.00172775 
187200	0.00172843 
187300	0.0017291 
187400	0.00172978 
187500	0.00173045 
187600	0.00173113 
187700	0.0017318 
187800	0.00173248 
187900	0.00173315 
188000	0.00173382 
188100	0.0017345 
188200	0.00173517 
188300	0.00173584 
188400	0.00173651 
188500	0.00173718 
188600	0.00173786 
188700	0.00173853 
188800	0.0017392 
188900	0.00173987 
189000	0.00174054 
189100	0.00174121 
189200	0.00174188 
189300	0.00174255 
189400	0.00174322 
189500	0.00174389 
189600	0.00174456 
189700	0.00174522 
189800	0.00174589 
189900	0.00174656 
190000	0.00174723 
190100	0.0017479 
190200	0.00174856 
190300	0.00174923 
190400	0.0017499 
190500	0.00175056 
190600	0.00175123 
190700	0.00175189 
190800	0.00175256 
190900	0.00175322 
191000	0.00175389 
191100	0.00175455 
191200	0.00175522 
191300	0.00175588 
191400	0.00175655 
191500	0.00175721 
191600	0.00175787 
191700	0.00175854 
191800	0.0017592 
191900	0.00175986 
192000	0.00176052 
192100	0.00176118 
192200	0.00176185 
192300	0.00176251 
192400	0.00176317 
192500	0.00176383 
192600	0.00176449 
192700	0.00176515 
192800	0.00176581 
192900	0.00176647 
193000	0.00176713 
193100	0.00176779 
193200	0.00176845 
193300	0.0017691 
193400	0.00176976 
193500	0.00177042 
193600	0.00177108 
193700	0.00177173 
193800	0.00177239 
193900	0.00177305 
194000	0.0017737 
194100	0.00177436 
194200	0.00177502 
194300	0.00177567 
194400	0.00177633 
194500	0.00177698 
194600	0.00177764 
194700	0.00177829 
194800	0.00177895 
194900	0.0017796 
195000	0.00178025 
195100	0.00178091 
195200	0.00178156 
195300	0.00178221 
195400	0.00178287 
195500	0.00178352 
195600	0.00178417 
195700	0.00178482 
195800	0.00178547 
195900	0.00178612 
196000	0.00178677 
196100	0.00178743 
196200	0.00178808 
196300	0.00178873 
196400	0.00178938 
196500	0.00179002 
196600	0.00179067 
196700	0.00179132 
196800	0.00179197 
196900	0.00179262 
197000	0.00179327 
197100	0.00179392 
197200	0.00179456 
197300	0.00179521 
197400	0.00179586 
197500	0.0017965 
197600	0.00179715 
197700	0.0017978 
197800	0.00179844 
197900	0.00179909 
198000	0.00179973 
198100	0.00180038 
198200	0.00180102 
198300	0.00180167 
198400	0.00180231 
198500	0.00180295 
198600	0.0018036 
198700	0.00180424 
198800	0.00180488 
198900	0.00180553 
199000	0.00180617 
199100	0.00180681 
199200	0.00180745 
199300	0.0018081 
199400	0.00180874 
199500	0.00180938 
199600	0.00181002 
199700	0.00181066 
199800	0.0018113 
199900	0.00181194 
200000	0.00181258 
200100	0.00181322 
200200	0.00181386 
200300	0.0018145 
200400	0.00181513 
200500	0.00181577 
200600	0.00181641 
200700	0.00181705 
200800	0.00181769 
200900	0.00181832 
201000	0.00181896 
201100	0.0018196 
201200	0.00182023 
201300	0.00182087 
201400	0.0018215 
201500	0.00182214 
201600	0.00182278 
201700	0.00182341 
201800	0.00182404 
201900	0.00182468 
202000	0.00182531 
202100	0.00182595 
202200	0.00182658 
202300	0.00182721 
202400	0.00182785 
202500	0.00182848 
202600	0.00182911 
202700	0.00182974 
202800	0.00183038 
202900	0.00183101 
203000	0.00183164 
203100	0.00183227 
203200	0.0018329 
203300	0.00183353 
203400	0.00183416 
203500	0.00183479 
203600	0.00183542 
203700	0.00183605 
203800	0.00183668 
203900	0.00183731 
204000	0.00183794 
204100	0.00183856 
204200	0.00183919 
204300	0.00183982 
204400	0.00184045 
204500	0.00184107 
204600	0.0018417 
204700	0.00184233 
204800	0.00184295 
204900	0.00184358 
205000	0.0018442 
205100	0.00184483 
205200	0.00184546 
205300	0.00184608 
205400	0.0018467 
205500	0.00184733 
205600	0.00184795 
205700	0.00184858 
205800	0.0018492 
205900	0.00184982 
206000	0.00185045 
206100	0.00185107 
206200	0.00185169 
206300	0.00185231 
206400	0.00185293 
206500	0.00185356 
206600	0.00185418 
206700	0.0018548 
206800	0.00185542 
206900	0.00185604 
207000	0.00185666 
207100	0.00185728 
207200	0.0018579 
207300	0.00185852 
207400	0.00185914 
207500	0.00185976 
207600	0.00186037 
207700	0.00186099 
207800	0.00186161 
207900	0.00186223 
208000	0.00186284 
208100	0.00186346 
208200	0.00186408 
208300	0.00186469 
208400	0.00186531 
208500	0.00186593 
208600	0.00186654 
208700	0.00186716 
208800	0.00186777 
208900	0.00186839 
209000	0.001869 
209100	0.00186962 
209200	0.00187023 
209300	0.00187084 
209400	0.00187146 
209500	0.00187207 
209600	0.00187268 
209700	0.0018733 
209800	0.00187391 
209900	0.00187452 
210000	0.00187513 
210100	0.00187574 
210200	0.00187635 
210300	0.00187696 
210400	0.00187758 
210500	0.00187819 
210600	0.0018788 
210700	0.00187941 
210800	0.00188001 
210900	0.00188062 
211000	0.00188123 
211100	0.00188184 
211200	0.00188245 
211300	0.00188306 
211400	0.00188367 
211500	0.00188427 
211600	0.00188488 
211700	0.00188549 
211800	0.00188609 
211900	0.0018867 
212000	0.00188731 
212100	0.00188791 
212200	0.00188852 
212300	0.00188912 
212400	0.00188973 
212500	0.00189033 
212600	0.00189094 
212700	0.00189154 
212800	0.00189214 
212900	0.00189275 
213000	0.00189335 
213100	0.00189395 
213200	0.00189456 
213300	0.00189516 
213400	0.00189576 
213500	0.00189636 
213600	0.00189697 
213700	0.00189757 
213800	0.00189817 
213900	0.00189877 
214000	0.00189937 
214100	0.00189997 
214200	0.00190057 
214300	0.00190117 
214400	0.00190177 
214500	0.00190237 
214600	0.00190297 
214700	0.00190357 
214800	0.00190416 
214900	0.00190476 
215000	0.00190536 
215100	0.00190596 
215200	0.00190655 
215300	0.00190715 
215400	0.00190775 
215500	0.00190834 
215600	0.00190894 
215700	0.00190954 
215800	0.00191013 
215900	0.00191073 
216000	0.00191132 
216100	0.00191192 
216200	0.00191251 
216300	0.0019131 
216400	0.0019137 
216500	0.00191429 
216600	0.00191488 
216700	0.00191548 
216800	0.00191607 
216900	0.00191666 
217000	0.00191726 
217100	0.00191785 
217200	0.00191844 
217300	0.00191903 
217400	0.00191962 
217500	0.00192021 
217600	0.0019208 
217700	0.00192139 
217800	0.00192198 
217900	0.00192257 
218000	0.00192316 
218100	0.00192375 
218200	0.00192434 
218300	0.00192493 
218400	0.00192552 
218500	0.0019261 
218600	0.00192669 
218700	0.00192728 
218800	0.00192787 
218900	0.00192845 
219000	0.00192904 
219100	0.00192963 
219200	0.00193021 
219300	0.0019308 
219400	0.00193138 
219500	0.00193197 
219600	0.00193255 
219700	0.00193314 
219800	0.00193372 
219900	0.00193431 
220000	0.00193489 
220100	0.00193547 
220200	0.00193606 
220300	0.00193664 
220400	0.00193722 
220500	0.0019378 
220600	0.00193839 
220700	0.00193897 
220800	0.00193955 
220900	0.00194013 
221000	0.00194071 
221100	0.00194129 
221200	0.00194187 
221300	0.00194245 
221400	0.00194303 
221500	0.00194361 
221600	0.00194419 
221700	0.00194477 
221800	0.00194535 
221900	0.00194593 
222000	0.00194651 
222100	0.00194709 
222200	0.00194766 
222300	0.00194824 
222400	0.00194882 
222500	0.00194939 
222600	0.00194997 
222700	0.00195055 
222800	0.00195112 
222900	0.0019517 
223000	0.00195227 
223100	0.00195285 
223200	0.00195342 
223300	0.001954 
223400	0.00195457 
223500	0.00195515 
223600	0.00195572 
223700	0.00195629 
223800	0.00195687 
223900	0.00195744 
224000	0.00195801 
224100	0.00195859 
224200	0.00195916 
224300	0.00195973 
224400	0.0019603 
224500	0.00196087 
224600	0.00196144 
224700	0.00196201 
224800	0.00196258 
224900	0.00196315 
225000	0.00196372 
225100	0.00196429 
225200	0.00196486 
225300	0.00196543 
225400	0.001966 
225500	0.00196657 
225600	0.00196714 
225700	0.00196771 
225800	0.00196827 
225900	0.00196884 
226000	0.00196941 
226100	0.00196998 
226200	0.00197054 
226300	0.00197111 
226400	0.00197167 
226500	0.00197224 
226600	0.00197281 
226700	0.00197337 
226800	0.00197394 
226900	0.0019745 
227000	0.00197506 
227100	0.00197563 
227200	0.00197619 
227300	0.00197676 
227400	0.00197732 
227500	0.00197788 
227600	0.00197844 
227700	0.00197901 
227800	0.00197957 
227900	0.00198013 
228000	0.00198069 
228100	0.00198125 
228200	0.00198181 
228300	0.00198238 
228400	0.00198294 
228500	0.0019835 
228600	0.00198406 
228700	0.00198462 
228800	0.00198517 
228900	0.00198573 
229000	0.00198629 
229100	0.00198685 
229200	0.00198741 
229300	0.00198797 
229400	0.00198852 
229500	0.00198908 
229600	0.00198964 
229700	0.0019902 
229800	0.00199075 
229900	0.00199131 
230000	0.00199187 
230100	0.00199242 
230200	0.00199298 
230300	0.00199353 
230400	0.00199409 
230500	0.00199464 
230600	0.0019952 
230700	0.00199575 
230800	0.0019963 
230900	0.00199686 
231000	0.00199741 
231100	0.00199796 
231200	0.00199852 
231300	0.00199907 
231400	0.00199962 
231500	0.00200017 
231600	0.00200072 
231700	0.00200128 
231800	0.00200183 
231900	0.00200238 
232000	0.00200293 
232100	0.00200348 
232200	0.00200403 
232300	0.00200458 
232400	0.00200513 
232500	0.00200568 
232600	0.00200622 
232700	0.00200677 
232800	0.00200732 
232900	0.00200787 
233000	0.00200842 
233100	0.00200896 
233200	0.00200951 
233300	0.00201006 
233400	0.00201061 
233500	0.00201115 
233600	0.0020117 
233700	0.00201224 
233800	0.00201279 
233900	0.00201333 
234000	0.00201388 
234100	0.00201442 
234200	0.00201497 
234300	0.00201551 
234400	0.00201606 
234500	0.0020166 
234600	0.00201714 
234700	0.00201769 
234800	0.00201823 
234900	0.00201877 
235000	0.00201931 
235100	0.00201986 
235200	0.0020204 
235300	0.00202094 
235400	0.00202148 
235500	0.00202202 
235600	0.00202256 
235700	0.0020231 
235800	0.00202364 
235900	0.00202418 
236000	0.00202472 
236100	0.00202526 
236200	0.0020258 
236300	0.00202634 
236400	0.00202687 
236500	0.00202741 
236600	0.00202795 
236700	0.00202849 
236800	0.00202903 
236900	0.00202956 
237000	0.0020301 
237100	0.00203064 
237200	0.00203117 
237300	0.00203171 
237400	0.00203224 
237500	0.00203278 
237600	0.00203331 
237700	0.00203385 
237800	0.00203438 
237900	0.00203492 
238000	0.00203545 
238100	0.00203598 
238200	0.00203652 
238300	0.00203705 
238400	0.00203758 
238500	0.00203812 
238600	0.00203865 
238700	0.00203918 
238800	0.00203971 
238900	0.00204024 
239000	0.00204077 
239100	0.00204131 
239200	0.00204184 
239300	0.00204237 
239400	0.0020429 
239500	0.00204343 
239600	0.00204396 
239700	0.00204449 
239800	0.00204501 
239900	0.00204554 
240000	0.00204607 
240100	0.0020466 
240200	0.00204713 
240300	0.00204765 
240400	0.00204818 
240500	0.00204871 
240600	0.00204924 
240700	0.00204976 
240800	0.00205029 
240900	0.00205081 
241000	0.00205134 
241100	0.00205187 
241200	0.00205239 
241300	0.00205292 
241400	0.00205344 
241500	0.00205396 
241600	0.00205449 
241700	0.00205501 
241800	0.00205554 
241900	0.00205606 
242000	0.00205658 
242100	0.0020571 
242200	0.00205763 
242300	0.00205815 
242400	0.00205867 
242500	0.00205919 
242600	0.00205971 
242700	0.00206023 
242800	0.00206075 
242900	0.00206128 
243000	0.0020618 
243100	0.00206232 
243200	0.00206284 
243300	0.00206335 
243400	0.00206387 
243500	0.00206439 
243600	0.00206491 
243700	0.00206543 
243800	0.00206595 
243900	0.00206646 
244000	0.00206698 
244100	0.0020675 
244200	0.00206802 
244300	0.00206853 
244400	0.00206905 
244500	0.00206957 
244600	0.00207008 
244700	0.0020706 
244800	0.00207111 
244900	0.00207163 
245000	0.00207214 
245100	0.00207266 
245200	0.00207317 
245300	0.00207368 
245400	0.0020742 
245500	0.00207471 
245600	0.00207522 
245700	0.00207574 
245800	0.00207625 
245900	0.00207676 
246000	0.00207727 
246100	0.00207778 
246200	0.0020783 
246300	0.00207881 
246400	0.00207932 
246500	0.00207983 
246600	0.00208034 
246700	0.00208085 
246800	0.00208136 
246900	0.00208187 
247000	0.00208238 
247100	0.00208289 
247200	0.00208339 
247300	0.0020839 
247400	0.00208441 
247500	0.00208492 
247600	0.00208543 
247700	0.00208593 
247800	0.00208644 
247900	0.00208695 
248000	0.00208745 
248100	0.00208796 
248200	0.00208847 
248300	0.00208897 
248400	0.00208948 
248500	0.00208998 
248600	0.00209049 
248700	0.00209099 
248800	0.0020915 
248900	0.002092 
249000	0.0020925 
249100	0.00209301 
249200	0.00209351 
249300	0.00209401 
249400	0.00209452 
249500	0.00209502 
249600	0.00209552 
249700	0.00209602 
249800	0.00209652 
249900	0.00209703 
250000	0.00209753 
250100	0.00209803 
250200	0.00209853 
250300	0.00209903 
250400	0.00209953 
250500	0.00210003 
250600	0.00210053 
250700	0.00210103 
250800	0.00210152 
250900	0.00210202 
251000	0.00210252 
251100	0.00210302 
251200	0.00210352 
251300	0.00210401 
251400	0.00210451 
251500	0.00210501 
251600	0.00210551 
251700	0.002106 
251800	0.0021065 
251900	0.00210699 
252000	0.00210749 
252100	0.00210798 
252200	0.00210848 
252300	0.00210897 
252400	0.00210947 
252500	0.00210996 
252600	0.00211046 
252700	0.00211095 
252800	0.00211144 
252900	0.00211194 
253000	0.00211243 
253100	0.00211292 
253200	0.00211341 
253300	0.00211391 
253400	0.0021144 
253500	0.00211489 
253600	0.00211538 
253700	0.00211587 
253800	0.00211636 
253900	0.00211685 
254000	0.00211734 
254100	0.00211783 
254200	0.00211832 
254300	0.00211881 
254400	0.0021193 
254500	0.00211979 
254600	0.00212028 
254700	0.00212077 
254800	0.00212125 
254900	0.00212174 
255000	0.00212223 
255100	0.00212272 
255200	0.0021232 
255300	0.00212369 
255400	0.00212418 
255500	0.00212466 
255600	0.00212515 
255700	0.00212563 
255800	0.00212612 
255900	0.0021266 
256000	0.00212709 
256100	0.00212757 
256200	0.00212806 
256300	0.00212854 
256400	0.00212902 
256500	0.00212951 
256600	0.00212999 
256700	0.00213047 
256800	0.00213096 
256900	0.00213144 
257000	0.00213192 
257100	0.0021324 
257200	0.00213288 
257300	0.00213336 
257400	0.00213385 
257500	0.00213433 
257600	0.00213481 
257700	0.00213529 
257800	0.00213577 
257900	0.00213625 
258000	0.00213673 
258100	0.0021372 
258200	0.00213768 
258300	0.00213816 
258400	0.00213864 
258500	0.00213912 
258600	0.0021396 
258700	0.00214007 
258800	0.00214055 
258900	0.00214103 
259000	0.0021415 
259100	0.00214198 
259200	0.00214246 
259300	0.00214293 
259400	0.00214341 
259500	0.00214388 
259600	0.00214436 
259700	0.00214483 
259800	0.00214531 
259900	0.00214578 
260000	0.00214625 
260100	0.00214673 
260200	0.0021472 
260300	0.00214767 
260400	0.00214815 
260500	0.00214862 
260600	0.00214909 
260700	0.00214956 
260800	0.00215004 
260900	0.00215051 
261000	0.00215098 
261100	0.00215145 
261200	0.00215192 
261300	0.00215239 
261400	0.00215286 
261500	0.00215333 
261600	0.0021538 
261700	0.00215427 
261800	0.00215474 
261900	0.00215521 
262000	0.00215567 
262100	0.00215614 
262200	0.00215661 
262300	0.00215708 
262400	0.00215755 
262500	0.00215801 
262600	0.00215848 
262700	0.00215895 
262800	0.00215941 
262900	0.00215988 
263000	0.00216034 
263100	0.00216081 
263200	0.00216128 
263300	0.00216174 
263400	0.00216221 
263500	0.00216267 
263600	0.00216313 
263700	0.0021636 
263800	0.00216406 
263900	0.00216452 
264000	0.00216499 
264100	0.00216545 
264200	0.00216591 
264300	0.00216638 
264400	0.00216684 
264500	0.0021673 
264600	0.00216776 
264700	0.00216822 
264800	0.00216868 
264900	0.00216914 
265000	0.0021696 
265100	0.00217006 
265200	0.00217052 
265300	0.00217098 
265400	0.00217144 
265500	0.0021719 
265600	0.00217236 
265700	0.00217282 
265800	0.00217328 
265900	0.00217374 
266000	0.00217419 
266100	0.00217465 
266200	0.00217511 
266300	0.00217556 
266400	0.00217602 
266500	0.00217648 
266600	0.00217693 
266700	0.00217739 
266800	0.00217784 
266900	0.0021783 
267000	0.00217876 
267100	0.00217921 
267200	0.00217966 
267300	0.00218012 
267400	0.00218057 
267500	0.00218103 
267600	0.00218148 
267700	0.00218193 
267800	0.00218239 
267900	0.00218284 
268000	0.00218329 
268100	0.00218374 
268200	0.00218419 
268300	0.00218465 
268400	0.0021851 
268500	0.00218555 
268600	0.002186 
268700	0.00218645 
268800	0.0021869 
268900	0.00218735 
269000	0.0021878 
269100	0.00218825 
269200	0.0021887 
269300	0.00218915 
269400	0.0021896 
269500	0.00219004 
269600	0.00219049 
269700	0.00219094 
269800	0.00219139 
269900	0.00219184 
270000	0.00219228 
270100	0.00219273 
270200	0.00219318 
270300	0.00219362 
270400	0.00219407 
270500	0.00219451 
270600	0.00219496 
270700	0.0021954 
270800	0.00219585 
270900	0.00219629 
271000	0.00219674 
271100	0.00219718 
271200	0.00219763 
271300	0.00219807 
271400	0.00219851 
271500	0.00219896 
271600	0.0021994 
271700	0.00219984 
271800	0.00220028 
271900	0.00220072 
272000	0.00220117 
272100	0.00220161 
272200	0.00220205 
272300	0.00220249 
272400	0.00220293 
272500	0.00220337 
272600	0.00220381 
272700	0.00220425 
272800	0.00220469 
272900	0.00220513 
273000	0.00220557 
273100	0.00220601 
273200	0.00220645 
273300	0.00220688 
273400	0.00220732 
273500	0.00220776 
273600	0.0022082 
273700	0.00220863 
273800	0.00220907 
273900	0.00220951 
274000	0.00220994 
274100	0.00221038 
274200	0.00221082 
274300	0.00221125 
274400	0.00221169 
274500	0.00221212 
274600	0.00221256 
274700	0.00221299 
274800	0.00221343 
274900	0.00221386 
275000	0.00221429 
275100	0.00221473 
275200	0.00221516 
275300	0.00221559 
275400	0.00221603 
275500	0.00221646 
275600	0.00221689 
275700	0.00221732 
275800	0.00221775 
275900	0.00221819 
276000	0.00221862 
276100	0.00221905 
276200	0.00221948 
276300	0.00221991 
276400	0.00222034 
276500	0.00222077 
276600	0.0022212 
276700	0.00222163 
276800	0.00222206 
276900	0.00222248 
277000	0.00222291 
277100	0.00222334 
277200	0.00222377 
277300	0.0022242 
277400	0.00222462 
277500	0.00222505 
277600	0.00222548 
277700	0.0022259 
277800	0.00222633 
277900	0.00222676 
278000	0.00222718 
278100	0.00222761 
278200	0.00222803 
278300	0.00222846 
278400	0.00222888 
278500	0.00222931 
278600	0.00222973 
278700	0.00223016 
278800	0.00223058 
278900	0.002231 
279000	0.00223143 
279100	0.00223185 
279200	0.00223227 
279300	0.00223269 
279400	0.00223312 
279500	0.00223354 
279600	0.00223396 
279700	0.00223438 
279800	0.0022348 
279900	0.00223522 
280000	0.00223564 
280100	0.00223606 
280200	0.00223648 
280300	0.0022369 
280400	0.00223732 
280500	0.00223774 
280600	0.00223816 
280700	0.00223858 
280800	0.002239 
280900	0.00223942 
281000	0.00223983 
281100	0.00224025 
281200	0.00224067 
281300	0.00224109 
281400	0.0022415 
281500	0.00224192 
281600	0.00224234 
281700	0.00224275 
281800	0.00224317 
281900	0.00224358 
282000	0.002244 
282100	0.00224441 
282200	0.00224483 
282300	0.00224524 
282400	0.00224566 
282500	0.00224607 
282600	0.00224648 
282700	0.0022469 
282800	0.00224731 
282900	0.00224772 
283000	0.00224814 
283100	0.00224855 
283200	0.00224896 
283300	0.00224937 
283400	0.00224978 
283500	0.0022502 
283600	0.00225061 
283700	0.00225102 
283800	0.00225143 
283900	0.00225184 
284000	0.00225225 
284100	0.00225266 
284200	0.00225307 
284300	0.00225348 
284400	0.00225389 
284500	0.00225429 
284600	0.0022547 
284700	0.00225511 
284800	0.00225552 
284900	0.00225593 
285000	0.00225633 
285100	0.00225674 
285200	0.00225715 
285300	0.00225755 
285400	0.00225796 
285500	0.00225837 
285600	0.00225877 
285700	0.00225918 
285800	0.00225958 
285900	0.00225999 
286000	0.00226039 
286100	0.0022608 
286200	0.0022612 
286300	0.00226161 
286400	0.00226201 
286500	0.00226241 
286600	0.00226282 
286700	0.00226322 
286800	0.00226362 
286900	0.00226403 
287000	0.00226443 
287100	0.00226483 
287200	0.00226523 
287300	0.00226563 
287400	0.00226603 
287500	0.00226643 
287600	0.00226683 
287700	0.00226724 
287800	0.00226764 
287900	0.00226804 
288000	0.00226843 
288100	0.00226883 
288200	0.00226923 
288300	0.00226963 
288400	0.00227003 
288500	0.00227043 
288600	0.00227083 
288700	0.00227122 
288800	0.00227162 
288900	0.00227202 
289000	0.00227242 
289100	0.00227281 
289200	0.00227321 
289300	0.00227361 
289400	0.002274 
289500	0.0022744 
289600	0.00227479 
289700	0.00227519 
289800	0.00227558 
289900	0.00227598 
290000	0.00227637 
290100	0.00227677 
290200	0.00227716 
290300	0.00227755 
290400	0.00227795 
290500	0.00227834 
290600	0.00227873 
290700	0.00227913 
290800	0.00227952 
290900	0.00227991 
291000	0.0022803 
291100	0.00228069 
291200	0.00228108 
291300	0.00228148 
291400	0.00228187 
291500	0.00228226 
291600	0.00228265 
291700	0.00228304 
291800	0.00228343 
291900	0.00228382 
292000	0.00228421 
292100	0.0022846 
292200	0.00228498 
292300	0.00228537 
292400	0.00228576 
292500	0.00228615 
292600	0.00228654 
292700	0.00228692 
292800	0.00228731 
292900	0.0022877 
293000	0.00228808 
293100	0.00228847 
293200	0.00228886 
293300	0.00228924 
293400	0.00228963 
293500	0.00229001 
293600	0.0022904 
293700	0.00229078 
293800	0.00229117 
293900	0.00229155 
294000	0.00229194 
294100	0.00229232 
294200	0.0022927 
294300	0.00229309 
294400	0.00229347 
294500	0.00229385 
294600	0.00229424 
294700	0.00229462 
294800	0.002295 
294900	0.00229538 
295000	0.00229576 
295100	0.00229614 
295200	0.00229653 
295300	0.00229691 
295400	0.00229729 
295500	0.00229767 
295600	0.00229805 
295700	0.00229843 
295800	0.00229881 
295900	0.00229919 
296000	0.00229956 
296100	0.00229994 
296200	0.00230032 
296300	0.0023007 
296400	0.00230108 
296500	0.00230146 
296600	0.00230183 
296700	0.00230221 
296800	0.00230259 
296900	0.00230296 
297000	0.00230334 
297100	0.00230372 
297200	0.00230409 
297300	0.00230447 
297400	0.00230484 
297500	0.00230522 
297600	0.00230559 
297700	0.00230597 
297800	0.00230634 
297900	0.00230672 
298000	0.00230709 
298100	0.00230746 
298200	0.00230784 
298300	0.00230821 
298400	0.00230858 
298500	0.00230895 
298600	0.00230933 
298700	0.0023097 
298800	0.00231007 
298900	0.00231044 
299000	0.00231081 
299100	0.00231118 
299200	0.00231156 
299300	0.00231193 
299400	0.0023123 
299500	0.00231267 
299600	0.00231304 
299700	0.00231341 
299800	0.00231377 
299900	0.00231414 
300000	0.00231451 
300100	0.00231488 
300200	0.00231525 
300300	0.00231562 
300400	0.00231598 
300500	0.00231635 
300600	0.00231672 
300700	0.00231709 
300800	0.00231745 
300900	0.00231782 
301000	0.00231819 
301100	0.00231855 
301200	0.00231892 
301300	0.00231928 
301400	0.00231965 
301500	0.00232001 
301600	0.00232038 
301700	0.00232074 
301800	0.00232111 
301900	0.00232147 
302000	0.00232183 
302100	0.0023222 
302200	0.00232256 
302300	0.00232292 
302400	0.00232329 
302500	0.00232365 
302600	0.00232401 
302700	0.00232437 
302800	0.00232473 
302900	0.0023251 
303000	0.00232546 
303100	0.00232582 
303200	0.00232618 
303300	0.00232654 
303400	0.0023269 
303500	0.00232726 
303600	0.00232762 
303700	0.00232798 
303800	0.00232834 
303900	0.0023287 
304000	0.00232905 
304100	0.00232941 
304200	0.00232977 
304300	0.00233013 
304400	0.00233049 
304500	0.00233084 
304600	0.0023312 
304700	0.00233156 
304800	0.00233191 
304900	0.00233227 
305000	0.00233263 
305100	0.00233298 
305200	0.00233334 
305300	0.00233369 
305400	0.00233405 
305500	0.0023344 
305600	0.00233476 
305700	0.00233511 
305800	0.00233547 
305900	0.00233582 
306000	0.00233617 
306100	0.00233653 
306200	0.00233688 
306300	0.00233723 
306400	0.00233758 
306500	0.00233794 
306600	0.00233829 
306700	0.00233864 
306800	0.00233899 
306900	0.00233934 
307000	0.00233969 
307100	0.00234004 
307200	0.0023404 
307300	0.00234075 
307400	0.0023411 
307500	0.00234145 
307600	0.0023418 
307700	0.00234214 
307800	0.00234249 
307900	0.00234284 
308000	0.00234319 
308100	0.00234354 
308200	0.00234389 
308300	0.00234423 
308400	0.00234458 
308500	0.00234493 
308600	0.00234528 
308700	0.00234562 
308800	0.00234597 
308900	0.00234632 
309000	0.00234666 
309100	0.00234701 
309200	0.00234735 
309300	0.0023477 
309400	0.00234804 
309500	0.00234839 
309600	0.00234873 
309700	0.00234908 
309800	0.00234942 
309900	0.00234977 
310000	0.00235011 
310100	0.00235045 
310200	0.0023508 
310300	0.00235114 
310400	0.00235148 
310500	0.00235182 
310600	0.00235216 
310700	0.00235251 
310800	0.00235285 
310900	0.00235319 
311000	0.00235353 
311100	0.00235387 
311200	0.00235421 
311300	0.00235455 
311400	0.00235489 
311500	0.00235523 
311600	0.00235557 
311700	0.00235591 
311800	0.00235625 
311900	0.00235659 
312000	0.00235693 
312100	0.00235727 
312200	0.0023576 
312300	0.00235794 
312400	0.00235828 
312500	0.00235862 
312600	0.00235895 
312700	0.00235929 
312800	0.00235963 
312900	0.00235996 
313000	0.0023603 
313100	0.00236064 
313200	0.00236097 
313300	0.00236131 
313400	0.00236164 
313500	0.00236198 
313600	0.00236231 
313700	0.00236264 
313800	0.00236298 
313900	0.00236331 
314000	0.00236365 
314100	0.00236398 
314200	0.00236431 
314300	0.00236465 
314400	0.00236498 
314500	0.00236531 
314600	0.00236564 
314700	0.00236597 
314800	0.00236631 
314900	0.00236664 
315000	0.00236697 
315100	0.0023673 
315200	0.00236763 
315300	0.00236796 
315400	0.00236829 
315500	0.00236862 
315600	0.00236895 
315700	0.00236928 
315800	0.00236961 
315900	0.00236994 
316000	0.00237027 
316100	0.00237059 
316200	0.00237092 
316300	0.00237125 
316400	0.00237158 
316500	0.00237191 
316600	0.00237223 
316700	0.00237256 
316800	0.00237289 
316900	0.00237321 
317000	0.00237354 
317100	0.00237387 
317200	0.00237419 
317300	0.00237452 
317400	0.00237484 
317500	0.00237517 
317600	0.00237549 
317700	0.00237582 
317800	0.00237614 
317900	0.00237646 
318000	0.00237679 
318100	0.00237711 
318200	0.00237744 
318300	0.00237776 
318400	0.00237808 
318500	0.0023784 
318600	0.00237873 
318700	0.00237905 
318800	0.00237937 
318900	0.00237969 
319000	0.00238001 
319100	0.00238033 
319200	0.00238065 
319300	0.00238097 
319400	0.0023813 
319500	0.00238162 
319600	0.00238194 
319700	0.00238225 
319800	0.00238257 
319900	0.00238289 
320000	0.00238321 
320100	0.00238353 
320200	0.00238385 
320300	0.00238417 
320400	0.00238448 
320500	0.0023848 
320600	0.00238512 
320700	0.00238544 
320800	0.00238575 
320900	0.00238607 
321000	0.00238639 
321100	0.0023867 
321200	0.00238702 
321300	0.00238733 
321400	0.00238765 
321500	0.00238797 
321600	0.00238828 
321700	0.0023886 
321800	0.00238891 
321900	0.00238922 
322000	0.00238954 
322100	0.00238985 
322200	0.00239017 
322300	0.00239048 
322400	0.00239079 
322500	0.0023911 
322600	0.00239142 
322700	0.00239173 
322800	0.00239204 
322900	0.00239235 
323000	0.00239266 
323100	0.00239298 
323200	0.00239329 
323300	0.0023936 
323400	0.00239391 
323500	0.00239422 
323600	0.00239453 
323700	0.00239484 
323800	0.00239515 
323900	0.00239546 
324000	0.00239577 
324100	0.00239608 
324200	0.00239638 
324300	0.00239669 
324400	0.002397 
324500	0.00239731 
324600	0.00239762 
324700	0.00239792 
324800	0.00239823 
324900	0.00239854 
325000	0.00239885 
325100	0.00239915 
325200	0.00239946 
325300	0.00239976 
325400	0.00240007 
325500	0.00240038 
325600	0.00240068 
325700	0.00240099 
325800	0.00240129 
325900	0.0024016 
326000	0.0024019 
326100	0.0024022 
326200	0.00240251 
326300	0.00240281 
326400	0.00240311 
326500	0.00240342 
326600	0.00240372 
326700	0.00240402 
326800	0.00240433 
326900	0.00240463 
327000	0.00240493 
327100	0.00240523 
327200	0.00240553 
327300	0.00240583 
327400	0.00240613 
327500	0.00240644 
327600	0.00240674 
327700	0.00240704 
327800	0.00240734 
327900	0.00240764 
328000	0.00240794 
328100	0.00240824 
328200	0.00240853 
328300	0.00240883 
328400	0.00240913 
328500	0.00240943 
328600	0.00240973 
328700	0.00241003 
328800	0.00241032 
328900	0.00241062 
329000	0.00241092 
329100	0.00241121 
329200	0.00241151 
329300	0.00241181 
329400	0.0024121 
329500	0.0024124 
329600	0.0024127 
329700	0.00241299 
329800	0.00241329 
329900	0.00241358 
330000	0.00241388 
330100	0.00241417 
330200	0.00241447 
330300	0.00241476 
330400	0.00241505 
330500	0.00241535 
330600	0.00241564 
330700	0.00241593 
330800	0.00241623 
330900	0.00241652 
331000	0.00241681 
331100	0.0024171 
331200	0.00241739 
331300	0.00241769 
331400	0.00241798 
331500	0.00241827 
331600	0.00241856 
331700	0.00241885 
331800	0.00241914 
331900	0.00241943 
332000	0.00241972 
332100	0.00242001 
332200	0.0024203 
332300	0.00242059 
332400	0.00242088 
332500	0.00242117 
332600	0.00242146 
332700	0.00242175 
332800	0.00242203 
332900	0.00242232 
333000	0.00242261 
333100	0.0024229 
333200	0.00242318 
333300	0.00242347 
333400	0.00242376 
333500	0.00242404 
333600	0.00242433 
333700	0.00242462 
333800	0.0024249 
333900	0.00242519 
334000	0.00242547 
334100	0.00242576 
334200	0.00242604 
334300	0.00242633 
334400	0.00242661 
334500	0.0024269 
334600	0.00242718 
334700	0.00242746 
334800	0.00242775 
334900	0.00242803 
335000	0.00242831 
335100	0.0024286 
335200	0.00242888 
335300	0.00242916 
335400	0.00242944 
335500	0.00242972 
335600	0.00243001 
335700	0.00243029 
335800	0.00243057 
335900	0.00243085 
336000	0.00243113 
336100	0.00243141 
336200	0.00243169 
336300	0.00243197 
336400	0.00243225 
336500	0.00243253 
336600	0.00243281 
336700	0.00243309 
336800	0.00243337 
336900	0.00243364 
337000	0.00243392 
337100	0.0024342 
337200	0.00243448 
337300	0.00243476 
337400	0.00243503 
337500	0.00243531 
337600	0.00243559 
337700	0.00243586 
337800	0.00243614 
337900	0.00243642 
338000	0.00243669 
338100	0.00243697 
338200	0.00243724 
338300	0.00243752 
338400	0.00243779 
338500	0.00243807 
338600	0.00243834 
338700	0.00243862 
338800	0.00243889 
338900	0.00243916 
339000	0.00243944 
339100	0.00243971 
339200	0.00243998 
339300	0.00244026 
339400	0.00244053 
339500	0.0024408 
339600	0.00244107 
339700	0.00244135 
339800	0.00244162 
339900	0.00244189 
340000	0.00244216 
340100	0.00244243 
340200	0.0024427 
340300	0.00244297 
340400	0.00244324 
340500	0.00244351 
340600	0.00244378 
340700	0.00244405 
340800	0.00244432 
340900	0.00244459 
341000	0.00244486 
341100	0.00244513 
341200	0.0024454 
341300	0.00244567 
341400	0.00244593 
341500	0.0024462 
341600	0.00244647 
341700	0.00244674 
341800	0.002447 
341900	0.00244727 
342000	0.00244754 
342100	0.0024478 
342200	0.00244807 
342300	0.00244834 
342400	0.0024486 
342500	0.00244887 
342600	0.00244913 
342700	0.0024494 
342800	0.00244966 
342900	0.00244993 
343000	0.00245019 
343100	0.00245046 
343200	0.00245072 
343300	0.00245098 
343400	0.00245125 
343500	0.00245151 
343600	0.00245177 
343700	0.00245204 
343800	0.0024523 
343900	0.00245256 
344000	0.00245282 
344100	0.00245309 
344200	0.00245335 
344300	0.00245361 
344400	0.00245387 
344500	0.00245413 
344600	0.00245439 
344700	0.00245465 
344800	0.00245491 
344900	0.00245517 
345000	0.00245543 
345100	0.00245569 
345200	0.00245595 
345300	0.00245621 
345400	0.00245647 
345500	0.00245673 
345600	0.00245699 
345700	0.00245724 
345800	0.0024575 
345900	0.00245776 
346000	0.00245802 
346100	0.00245827 
346200	0.00245853 
346300	0.00245879 
346400	0.00245904 
346500	0.0024593 
346600	0.00245956 
346700	0.00245981 
346800	0.00246007 
346900	0.00246032 
347000	0.00246058 
347100	0.00246083 
347200	0.00246109 
347300	0.00246134 
347400	0.0024616 
347500	0.00246185 
347600	0.00246211 
347700	0.00246236 
347800	0.00246261 
347900	0.00246287 
348000	0.00246312 
348100	0.00246337 
348200	0.00246362 
348300	0.00246388 
348400	0.00246413 
348500	0.00246438 
348600	0.00246463 
348700	0.00246488 
348800	0.00246513 
348900	0.00246539 
349000	0.00246564 
349100	0.00246589 
349200	0.00246614 
349300	0.00246639 
349400	0.00246664 
349500	0.00246689 
349600	0.00246714 
349700	0.00246738 
349800	0.00246763 
349900	0.00246788 
350000	0.00246813 
350100	0.00246838 
350200	0.00246863 
350300	0.00246887 
350400	0.00246912 
350500	0.00246937 
350600	0.00246962 
350700	0.00246986 
350800	0.00247011 
350900	0.00247036 
351000	0.0024706 
351100	0.00247085 
351200	0.00247109 
351300	0.00247134 
351400	0.00247159 
351500	0.00247183 
351600	0.00247208 
351700	0.00247232 
351800	0.00247256 
351900	0.00247281 
352000	0.00247305 
352100	0.0024733 
352200	0.00247354 
352300	0.00247378 
352400	0.00247403 
352500	0.00247427 
352600	0.00247451 
352700	0.00247475 
352800	0.002475 
352900	0.00247524 
353000	0.00247548 
353100	0.00247572 
353200	0.00247596 
353300	0.0024762 
353400	0.00247644 
353500	0.00247669 
353600	0.00247693 
353700	0.00247717 
353800	0.00247741 
353900	0.00247765 
354000	0.00247789 
354100	0.00247812 
354200	0.00247836 
354300	0.0024786 
354400	0.00247884 
354500	0.00247908 
354600	0.00247932 
354700	0.00247956 
354800	0.00247979 
354900	0.00248003 
355000	0.00248027 
355100	0.00248051 
355200	0.00248074 
355300	0.00248098 
355400	0.00248122 
355500	0.00248145 
355600	0.00248169 
355700	0.00248192 
355800	0.00248216 
355900	0.00248239 
356000	0.00248263 
356100	0.00248286 
356200	0.0024831 
356300	0.00248333 
356400	0.00248357 
356500	0.0024838 
356600	0.00248404 
356700	0.00248427 
356800	0.0024845 
356900	0.00248474 
357000	0.00248497 
357100	0.0024852 
357200	0.00248543 
357300	0.00248567 
357400	0.0024859 
357500	0.00248613 
357600	0.00248636 
357700	0.00248659 
357800	0.00248682 
357900	0.00248705 
358000	0.00248728 
358100	0.00248752 
358200	0.00248775 
358300	0.00248798 
358400	0.00248821 
358500	0.00248844 
358600	0.00248866 
358700	0.00248889 
358800	0.00248912 
358900	0.00248935 
359000	0.00248958 
359100	0.00248981 
359200	0.00249004 
359300	0.00249026 
359400	0.00249049 
359500	0.00249072 
359600	0.00249095 
359700	0.00249117 
359800	0.0024914 
359900	0.00249163 
360000	0.00249185 
360100	0.00249208 
360200	0.0024923 
360300	0.00249253 
360400	0.00249276 
360500	0.00249298 
360600	0.00249321 
360700	0.00249343 
360800	0.00249366 
360900	0.00249388 
361000	0.0024941 
361100	0.00249433 
361200	0.00249455 
361300	0.00249478 
361400	0.002495 
361500	0.00249522 
361600	0.00249544 
361700	0.00249567 
361800	0.00249589 
361900	0.00249611 
362000	0.00249633 
362100	0.00249656 
362200	0.00249678 
362300	0.002497 
362400	0.00249722 
362500	0.00249744 
362600	0.00249766 
362700	0.00249788 
362800	0.0024981 
362900	0.00249832 
363000	0.00249854 
363100	0.00249876 
363200	0.00249898 
363300	0.0024992 
363400	0.00249942 
363500	0.00249964 
363600	0.00249986 
363700	0.00250007 
363800	0.00250029 
363900	0.00250051 
364000	0.00250073 
364100	0.00250095 
364200	0.00250116 
364300	0.00250138 
364400	0.0025016 
364500	0.00250181 
364600	0.00250203 
364700	0.00250225 
364800	0.00250246 
364900	0.00250268 
365000	0.00250289 
365100	0.00250311 
365200	0.00250332 
365300	0.00250354 
365400	0.00250375 
365500	0.00250397 
365600	0.00250418 
365700	0.0025044 
365800	0.00250461 
365900	0.00250482 
366000	0.00250504 
366100	0.00250525 
366200	0.00250546 
366300	0.00250568 
366400	0.00250589 
366500	0.0025061 
366600	0.00250631 
366700	0.00250653 
366800	0.00250674 
366900	0.00250695 
367000	0.00250716 
367100	0.00250737 
367200	0.00250758 
367300	0.00250779 
367400	0.002508 
367500	0.00250821 
367600	0.00250842 
367700	0.00250863 
367800	0.00250884 
367900	0.00250905 
368000	0.00250926 
368100	0.00250947 
368200	0.00250968 
368300	0.00250989 
368400	0.0025101 
368500	0.0025103 
368600	0.00251051 
368700	0.00251072 
368800	0.00251093 
368900	0.00251113 
369000	0.00251134 
369100	0.00251155 
369200	0.00251176 
369300	0.00251196 
369400	0.00251217 
369500	0.00251237 
369600	0.00251258 
369700	0.00251279 
369800	0.00251299 
369900	0.0025132 
370000	0.0025134 
370100	0.00251361 
370200	0.00251381 
370300	0.00251401 
370400	0.00251422 
370500	0.00251442 
370600	0.00251463 
370700	0.00251483 
370800	0.00251503 
370900	0.00251524 
371000	0.00251544 
371100	0.00251564 
371200	0.00251584 
371300	0.00251605 
371400	0.00251625 
371500	0.00251645 
371600	0.00251665 
371700	0.00251685 
371800	0.00251705 
371900	0.00251726 
372000	0.00251746 
372100	0.00251766 
372200	0.00251786 
372300	0.00251806 
372400	0.00251826 
372500	0.00251846 
372600	0.00251866 
372700	0.00251886 
372800	0.00251905 
372900	0.00251925 
373000	0.00251945 
373100	0.00251965 
373200	0.00251985 
373300	0.00252005 
373400	0.00252025 
373500	0.00252044 
373600	0.00252064 
373700	0.00252084 
373800	0.00252103 
373900	0.00252123 
374000	0.00252143 
374100	0.00252162 
374200	0.00252182 
374300	0.00252202 
374400	0.00252221 
374500	0.00252241 
374600	0.0025226 
374700	0.0025228 
374800	0.00252299 
374900	0.00252319 
375000	0.00252338 
375100	0.00252358 
375200	0.00252377 
375300	0.00252397 
375400	0.00252416 
375500	0.00252435 
375600	0.00252455 
375700	0.00252474 
375800	0.00252493 
375900	0.00252513 
376000	0.00252532 
376100	0.00252551 
376200	0.0025257 
376300	0.00252589 
376400	0.00252609 
376500	0.00252628 
376600	0.00252647 
376700	0.00252666 
376800	0.00252685 
376900	0.00252704 
377000	0.00252723 
377100	0.00252742 
377200	0.00252761 
377300	0.0025278 
377400	0.00252799 
377500	0.00252818 
377600	0.00252837 
377700	0.00252856 
377800	0.00252875 
377900	0.00252894 
378000	0.00252913 
378100	0.00252931 
378200	0.0025295 
378300	0.00252969 
378400	0.00252988 
378500	0.00253006 
378600	0.00253025 
378700	0.00253044 
378800	0.00253063 
378900	0.00253081 
379000	0.002531 
379100	0.00253118 
379200	0.00253137 
379300	0.00253156 
379400	0.00253174 
379500	0.00253193 
379600	0.00253211 
379700	0.0025323 
379800	0.00253248 
379900	0.00253267 
380000	0.00253285 
380100	0.00253304 
380200	0.00253322 
380300	0.0025334 
380400	0.00253359 
380500	0.00253377 
380600	0.00253395 
380700	0.00253414 
380800	0.00253432 
380900	0.0025345 
381000	0.00253468 
381100	0.00253487 
381200	0.00253505 
381300	0.00253523 
381400	0.00253541 
381500	0.00253559 
381600	0.00253577 
381700	0.00253596 
381800	0.00253614 
381900	0.00253632 
382000	0.0025365 
382100	0.00253668 
382200	0.00253686 
382300	0.00253704 
382400	0.00253722 
382500	0.0025374 
382600	0.00253758 
382700	0.00253775 
382800	0.00253793 
382900	0.00253811 
383000	0.00253829 
383100	0.00253847 
383200	0.00253865 
383300	0.00253882 
383400	0.002539 
383500	0.00253918 
383600	0.00253936 
383700	0.00253953 
383800	0.00253971 
383900	0.00253989 
384000	0.00254006 
384100	0.00254024 
384200	0.00254042 
384300	0.00254059 
384400	0.00254077 
384500	0.00254094 
384600	0.00254112 
384700	0.00254129 
384800	0.00254147 
384900	0.00254164 
385000	0.00254182 
385100	0.00254199 
385200	0.00254216 
385300	0.00254234 
385400	0.00254251 
385500	0.00254269 
385600	0.00254286 
385700	0.00254303 
385800	0.0025432 
385900	0.00254338 
386000	0.00254355 
386100	0.00254372 
386200	0.00254389 
386300	0.00254407 
386400	0.00254424 
386500	0.00254441 
386600	0.00254458 
386700	0.00254475 
386800	0.00254492 
386900	0.00254509 
387000	0.00254526 
387100	0.00254543 
387200	0.0025456 
387300	0.00254577 
387400	0.00254594 
387500	0.00254611 
387600	0.00254628 
387700	0.00254645 
387800	0.00254662 
387900	0.00254679 
388000	0.00254696 
388100	0.00254713 
388200	0.00254729 
388300	0.00254746 
388400	0.00254763 
388500	0.0025478 
388600	0.00254796 
388700	0.00254813 
388800	0.0025483 
388900	0.00254847 
389000	0.00254863 
389100	0.0025488 
389200	0.00254896 
389300	0.00254913 
389400	0.0025493 
389500	0.00254946 
389600	0.00254963 
389700	0.00254979 
389800	0.00254996 
389900	0.00255012 
390000	0.00255029 
390100	0.00255045 
390200	0.00255062 
390300	0.00255078 
390400	0.00255094 
390500	0.00255111 
390600	0.00255127 
390700	0.00255143 
390800	0.0025516 
390900	0.00255176 
391000	0.00255192 
391100	0.00255209 
391200	0.00255225 
391300	0.00255241 
391400	0.00255257 
391500	0.00255273 
391600	0.0025529 
391700	0.00255306 
391800	0.00255322 
391900	0.00255338 
392000	0.00255354 
392100	0.0025537 
392200	0.00255386 
392300	0.00255402 
392400	0.00255418 
392500	0.00255434 
392600	0.0025545 
392700	0.00255466 
392800	0.00255482 
392900	0.00255498 
393000	0.00255514 
393100	0.0025553 
393200	0.00255545 
393300	0.00255561 
393400	0.00255577 
393500	0.00255593 
393600	0.00255609 
393700	0.00255624 
393800	0.0025564 
393900	0.00255656 
394000	0.00255672 
394100	0.00255687 
394200	0.00255703 
394300	0.00255719 
394400	0.00255734 
394500	0.0025575 
394600	0.00255765 
394700	0.00255781 
394800	0.00255797 
394900	0.00255812 
395000	0.00255828 
395100	0.00255843 
395200	0.00255859 
395300	0.00255874 
395400	0.00255889 
395500	0.00255905 
395600	0.0025592 
395700	0.00255936 
395800	0.00255951 
395900	0.00255966 
396000	0.00255982 
396100	0.00255997 
396200	0.00256012 
396300	0.00256028 
396400	0.00256043 
396500	0.00256058 
396600	0.00256073 
396700	0.00256088 
396800	0.00256104 
396900	0.00256119 
397000	0.00256134 
397100	0.00256149 
397200	0.00256164 
397300	0.00256179 
397400	0.00256194 
397500	0.00256209 
397600	0.00256224 
397700	0.00256239 
397800	0.00256254 
397900	0.00256269 
398000	0.00256284 
398100	0.00256299 
398200	0.00256314 
398300	0.00256329 
398400	0.00256344 
398500	0.00256359 
398600	0.00256374 
398700	0.00256388 
398800	0.00256403 
398900	0.00256418 
399000	0.00256433 
399100	0.00256447 
399200	0.00256462 
399300	0.00256477 
399400	0.00256492 
399500	0.00256506 
399600	0.00256521 
399700	0.00256536 
399800	0.0025655 
399900	0.00256565 
400000	0.00256579 
400100	0.00256594 
400200	0.00256609 
400300	0.00256623 
400400	0.00256638 
400500	0.00256652 
400600	0.00256666 
400700	0.00256681 
400800	0.00256695 
400900	0.0025671 
401000	0.00256724 
401100	0.00256739 
401200	0.00256753 
401300	0.00256767 
401400	0.00256782 
401500	0.00256796 
401600	0.0025681 
401700	0.00256824 
401800	0.00256839 
401900	0.00256853 
402000	0.00256867 
402100	0.00256881 
402200	0.00256896 
402300	0.0025691 
402400	0.00256924 
402500	0.00256938 
402600	0.00256952 
402700	0.00256966 
402800	0.0025698 
402900	0.00256994 
403000	0.00257008 
403100	0.00257022 
403200	0.00257036 
403300	0.0025705 
403400	0.00257064 
403500	0.00257078 
403600	0.00257092 
403700	0.00257106 
403800	0.0025712 
403900	0.00257134 
404000	0.00257148 
404100	0.00257162 
404200	0.00257175 
404300	0.00257189 
404400	0.00257203 
404500	0.00257217 
404600	0.0025723 
404700	0.00257244 
404800	0.00257258 
404900	0.00257272 
405000	0.00257285 
405100	0.00257299 
405200	0.00257313 
405300	0.00257326 
405400	0.0025734 
405500	0.00257353 
405600	0.00257367 
405700	0.0025738 
405800	0.00257394 
405900	0.00257407 
406000	0.00257421 
406100	0.00257434 
406200	0.00257448 
406300	0.00257461 
406400	0.00257475 
406500	0.00257488 
406600	0.00257502 
406700	0.00257515 
406800	0.00257528 
406900	0.00257542 
407000	0.00257555 
407100	0.00257568 
407200	0.00257582 
407300	0.00257595 
407400	0.00257608 
407500	0.00257621 
407600	0.00257634 
407700	0.00257648 
407800	0.00257661 
407900	0.00257674 
408000	0.00257687 
408100	0.002577 
408200	0.00257713 
408300	0.00257726 
408400	0.0025774 
408500	0.00257753 
408600	0.00257766 
408700	0.00257779 
408800	0.00257792 
408900	0.00257805 
409000	0.00257818 
409100	0.00257831 
409200	0.00257843 
409300	0.00257856 
409400	0.00257869 
409500	0.00257882 
409600	0.00257895 
409700	0.00257908 
409800	0.00257921 
409900	0.00257933 
410000	0.00257946 
410100	0.00257959 
410200	0.00257972 
410300	0.00257985 
410400	0.00257997 
410500	0.0025801 
410600	0.00258023 
410700	0.00258035 
410800	0.00258048 
410900	0.00258061 
411000	0.00258073 
411100	0.00258086 
411200	0.00258098 
411300	0.00258111 
411400	0.00258124 
411500	0.00258136 
411600	0.00258149 
411700	0.00258161 
411800	0.00258174 
411900	0.00258186 
412000	0.00258198 
412100	0.00258211 
412200	0.00258223 
412300	0.00258236 
412400	0.00258248 
412500	0.0025826 
412600	0.00258273 
412700	0.00258285 
412800	0.00258297 
412900	0.0025831 
413000	0.00258322 
413100	0.00258334 
413200	0.00258346 
413300	0.00258359 
413400	0.00258371 
413500	0.00258383 
413600	0.00258395 
413700	0.00258407 
413800	0.00258419 
413900	0.00258432 
414000	0.00258444 
414100	0.00258456 
414200	0.00258468 
414300	0.0025848 
414400	0.00258492 
414500	0.00258504 
414600	0.00258516 
414700	0.00258528 
414800	0.0025854 
414900	0.00258552 
415000	0.00258564 
415100	0.00258576 
415200	0.00258588 
415300	0.00258599 
415400	0.00258611 
415500	0.00258623 
415600	0.00258635 
415700	0.00258647 
415800	0.00258659 
415900	0.0025867 
416000	0.00258682 
416100	0.00258694 
416200	0.00258706 
416300	0.00258717 
416400	0.00258729 
416500	0.00258741 
416600	0.00258752 
416700	0.00258764 
416800	0.00258776 
416900	0.00258787 
417000	0.00258799 
417100	0.0025881 
417200	0.00258822 
417300	0.00258834 
417400	0.00258845 
417500	0.00258857 
417600	0.00258868 
417700	0.0025888 
417800	0.00258891 
417900	0.00258902 
418000	0.00258914 
418100	0.00258925 
418200	0.00258937 
418300	0.00258948 
418400	0.00258959 
418500	0.00258971 
418600	0.00258982 
418700	0.00258993 
418800	0.00259005 
418900	0.00259016 
419000	0.00259027 
419100	0.00259038 
419200	0.0025905 
419300	0.00259061 
419400	0.00259072 
419500	0.00259083 
419600	0.00259094 
419700	0.00259106 
419800	0.00259117 
419900	0.00259128 
420000	0.00259139 
420100	0.0025915 
420200	0.00259161 
420300	0.00259172 
420400	0.00259183 
420500	0.00259194 
420600	0.00259205 
420700	0.00259216 
420800	0.00259227 
420900	0.00259238 
421000	0.00259249 
421100	0.0025926 
421200	0.00259271 
421300	0.00259282 
421400	0.00259293 
421500	0.00259303 
421600	0.00259314 
421700	0.00259325 
421800	0.00259336 
421900	0.00259347 
422000	0.00259357 
422100	0.00259368 
422200	0.00259379 
422300	0.0025939 
422400	0.002594 
422500	0.00259411 
422600	0.00259422 
422700	0.00259432 
422800	0.00259443 
422900	0.00259454 
423000	0.00259464 
423100	0.00259475 
423200	0.00259485 
423300	0.00259496 
423400	0.00259506 
423500	0.00259517 
423600	0.00259528 
423700	0.00259538 
423800	0.00259548 
423900	0.00259559 
424000	0.00259569 
424100	0.0025958 
424200	0.0025959 
424300	0.00259601 
424400	0.00259611 
424500	0.00259621 
424600	0.00259632 
424700	0.00259642 
424800	0.00259652 
424900	0.00259663 
425000	0.00259673 
425100	0.00259683 
425200	0.00259694 
425300	0.00259704 
425400	0.00259714 
425500	0.00259724 
425600	0.00259734 
425700	0.00259745 
425800	0.00259755 
425900	0.00259765 
426000	0.00259775 
426100	0.00259785 
426200	0.00259795 
426300	0.00259805 
426400	0.00259815 
426500	0.00259825 
426600	0.00259835 
426700	0.00259845 
426800	0.00259855 
426900	0.00259865 
427000	0.00259875 
427100	0.00259885 
427200	0.00259895 
427300	0.00259905 
427400	0.00259915 
427500	0.00259925 
427600	0.00259935 
427700	0.00259945 
427800	0.00259955 
427900	0.00259964 
428000	0.00259974 
428100	0.00259984 
428200	0.00259994 
428300	0.00260004 
428400	0.00260013 
428500	0.00260023 
428600	0.00260033 
428700	0.00260043 
428800	0.00260052 
428900	0.00260062 
429000	0.00260072 
429100	0.00260081 
429200	0.00260091 
429300	0.002601 
429400	0.0026011 
429500	0.0026012 
429600	0.00260129 
429700	0.00260139 
429800	0.00260148 
429900	0.00260158 
430000	0.00260167 
430100	0.00260177 
430200	0.00260186 
430300	0.00260196 
430400	0.00260205 
430500	0.00260215 
430600	0.00260224 
430700	0.00260233 
430800	0.00260243 
430900	0.00260252 
431000	0.00260261 
431100	0.00260271 
431200	0.0026028 
431300	0.00260289 
431400	0.00260299 
431500	0.00260308 
431600	0.00260317 
431700	0.00260327 
431800	0.00260336 
431900	0.00260345 
432000	0.00260354 
432100	0.00260363 
432200	0.00260373 
432300	0.00260382 
432400	0.00260391 
432500	0.002604 
432600	0.00260409 
432700	0.00260418 
432800	0.00260427 
432900	0.00260436 
433000	0.00260445 
433100	0.00260454 
433200	0.00260463 
433300	0.00260472 
433400	0.00260481 
433500	0.0026049 
433600	0.00260499 
433700	0.00260508 
433800	0.00260517 
433900	0.00260526 
434000	0.00260535 
434100	0.00260544 
434200	0.00260553 
434300	0.00260562 
434400	0.0026057 
434500	0.00260579 
434600	0.00260588 
434700	0.00260597 
434800	0.00260606 
434900	0.00260614 
435000	0.00260623 
435100	0.00260632 
435200	0.00260641 
435300	0.00260649 
435400	0.00260658 
435500	0.00260667 
435600	0.00260675 
435700	0.00260684 
435800	0.00260693 
435900	0.00260701 
436000	0.0026071 
436100	0.00260718 
436200	0.00260727 
436300	0.00260736 
436400	0.00260744 
436500	0.00260753 
436600	0.00260761 
436700	0.0026077 
436800	0.00260778 
436900	0.00260787 
437000	0.00260795 
437100	0.00260803 
437200	0.00260812 
437300	0.0026082 
437400	0.00260829 
437500	0.00260837 
437600	0.00260845 
437700	0.00260854 
437800	0.00260862 
437900	0.0026087 
438000	0.00260879 
438100	0.00260887 
438200	0.00260895 
438300	0.00260904 
438400	0.00260912 
438500	0.0026092 
438600	0.00260928 
438700	0.00260936 
438800	0.00260945 
438900	0.00260953 
439000	0.00260961 
439100	0.00260969 
439200	0.00260977 
439300	0.00260985 
439400	0.00260994 
439500	0.00261002 
439600	0.0026101 
439700	0.00261018 
439800	0.00261026 
439900	0.00261034 
440000	0.00261042 
440100	0.0026105 
440200	0.00261058 
440300	0.00261066 
440400	0.00261074 
440500	0.00261082 
440600	0.0026109 
440700	0.00261098 
440800	0.00261105 
440900	0.00261113 
441000	0.00261121 
441100	0.00261129 
441200	0.00261137 
441300	0.00261145 
441400	0.00261153 
441500	0.0026116 
441600	0.00261168 
441700	0.00261176 
441800	0.00261184 
441900	0.00261192 
442000	0.00261199 
442100	0.00261207 
442200	0.00261215 
442300	0.00261222 
442400	0.0026123 
442500	0.00261238 
442600	0.00261245 
442700	0.00261253 
442800	0.00261261 
442900	0.00261268 
443000	0.00261276 
443100	0.00261283 
443200	0.00261291 
443300	0.00261299 
443400	0.00261306 
443500	0.00261314 
443600	0.00261321 
443700	0.00261329 
443800	0.00261336 
443900	0.00261344 
444000	0.00261351 
444100	0.00261358 
444200	0.00261366 
444300	0.00261373 
444400	0.00261381 
444500	0.00261388 
444600	0.00261395 
444700	0.00261403 
444800	0.0026141 
444900	0.00261418 
445000	0.00261425 
445100	0.00261432 
445200	0.00261439 
445300	0.00261447 
445400	0.00261454 
445500	0.00261461 
445600	0.00261468 
445700	0.00261476 
445800	0.00261483 
445900	0.0026149 
446000	0.00261497 
446100	0.00261504 
446200	0.00261512 
446300	0.00261519 
446400	0.00261526 
446500	0.00261533 
446600	0.0026154 
446700	0.00261547 
446800	0.00261554 
446900	0.00261561 
447000	0.00261568 
447100	0.00261575 
447200	0.00261582 
447300	0.00261589 
447400	0.00261596 
447500	0.00261603 
447600	0.0026161 
447700	0.00261617 
447800	0.00261624 
447900	0.00261631 
448000	0.00261638 
448100	0.00261645 
448200	0.00261652 
448300	0.00261659 
448400	0.00261666 
448500	0.00261672 
448600	0.00261679 
448700	0.00261686 
448800	0.00261693 
448900	0.002617 
449000	0.00261706 
449100	0.00261713 
449200	0.0026172 
449300	0.00261727 
449400	0.00261733 
449500	0.0026174 
449600	0.00261747 
449700	0.00261754 
449800	0.0026176 
449900	0.00261767 
450000	0.00261773 
450100	0.0026178 
450200	0.00261787 
450300	0.00261793 
450400	0.002618 
450500	0.00261807 
450600	0.00261813 
450700	0.0026182 
450800	0.00261826 
450900	0.00261833 
451000	0.00261839 
451100	0.00261846 
451200	0.00261852 
451300	0.00261859 
451400	0.00261865 
451500	0.00261872 
451600	0.00261878 
451700	0.00261884 
451800	0.00261891 
451900	0.00261897 
452000	0.00261904 
452100	0.0026191 
452200	0.00261916 
452300	0.00261923 
452400	0.00261929 
452500	0.00261935 
452600	0.00261942 
452700	0.00261948 
452800	0.00261954 
452900	0.00261961 
453000	0.00261967 
453100	0.00261973 
453200	0.00261979 
453300	0.00261985 
453400	0.00261992 
453500	0.00261998 
453600	0.00262004 
453700	0.0026201 
453800	0.00262016 
453900	0.00262023 
454000	0.00262029 
454100	0.00262035 
454200	0.00262041 
454300	0.00262047 
454400	0.00262053 
454500	0.00262059 
454600	0.00262065 
454700	0.00262071 
454800	0.00262077 
454900	0.00262083 
455000	0.00262089 
455100	0.00262095 
455200	0.00262101 
455300	0.00262107 
455400	0.00262113 
455500	0.00262119 
455600	0.00262125 
455700	0.00262131 
455800	0.00262137 
455900	0.00262143 
456000	0.00262149 
456100	0.00262154 
456200	0.0026216 
456300	0.00262166 
456400	0.00262172 
456500	0.00262178 
456600	0.00262184 
456700	0.00262189 
456800	0.00262195 
456900	0.00262201 
457000	0.00262207 
457100	0.00262212 
457200	0.00262218 
457300	0.00262224 
457400	0.0026223 
457500	0.00262235 
457600	0.00262241 
457700	0.00262247 
457800	0.00262252 
457900	0.00262258 
458000	0.00262263 
458100	0.00262269 
458200	0.00262275 
458300	0.0026228 
458400	0.00262286 
458500	0.00262291 
458600	0.00262297 
458700	0.00262303 
458800	0.00262308 
458900	0.00262314 
459000	0.00262319 
459100	0.00262325 
459200	0.0026233 
459300	0.00262336 
459400	0.00262341 
459500	0.00262346 
459600	0.00262352 
459700	0.00262357 
459800	0.00262363 
459900	0.00262368 
460000	0.00262374 
460100	0.00262379 
460200	0.00262384 
460300	0.0026239 
460400	0.00262395 
460500	0.002624 
460600	0.00262406 
460700	0.00262411 
460800	0.00262416 
460900	0.00262421 
461000	0.00262427 
461100	0.00262432 
461200	0.00262437 
461300	0.00262442 
461400	0.00262448 
461500	0.00262453 
461600	0.00262458 
461700	0.00262463 
461800	0.00262468 
461900	0.00262474 
462000	0.00262479 
462100	0.00262484 
462200	0.00262489 
462300	0.00262494 
462400	0.00262499 
462500	0.00262504 
462600	0.00262509 
462700	0.00262514 
462800	0.0026252 
462900	0.00262525 
463000	0.0026253 
463100	0.00262535 
463200	0.0026254 
463300	0.00262545 
463400	0.0026255 
463500	0.00262555 
463600	0.0026256 
463700	0.00262565 
463800	0.00262569 
463900	0.00262574 
464000	0.00262579 
464100	0.00262584 
464200	0.00262589 
464300	0.00262594 
464400	0.00262599 
464500	0.00262604 
464600	0.00262609 
464700	0.00262613 
464800	0.00262618 
464900	0.00262623 
465000	0.00262628 
465100	0.00262633 
465200	0.00262637 
465300	0.00262642 
465400	0.00262647 
465500	0.00262652 
465600	0.00262656 
465700	0.00262661 
465800	0.00262666 
465900	0.00262671 
466000	0.00262675 
466100	0.0026268 
466200	0.00262685 
466300	0.00262689 
466400	0.00262694 
466500	0.00262699 
466600	0.00262703 
466700	0.00262708 
466800	0.00262712 
466900	0.00262717 
467000	0.00262722 
467100	0.00262726 
467200	0.00262731 
467300	0.00262735 
467400	0.0026274 
467500	0.00262744 
467600	0.00262749 
467700	0.00262753 
467800	0.00262758 
467900	0.00262762 
468000	0.00262767 
468100	0.00262771 
468200	0.00262776 
468300	0.0026278 
468400	0.00262784 
468500	0.00262789 
468600	0.00262793 
468700	0.00262798 
468800	0.00262802 
468900	0.00262806 
469000	0.00262811 
469100	0.00262815 
469200	0.00262819 
469300	0.00262824 
469400	0.00262828 
469500	0.00262832 
469600	0.00262837 
469700	0.00262841 
469800	0.00262845 
469900	0.0026285 
470000	0.00262854 
470100	0.00262858 
470200	0.00262862 
470300	0.00262866 
470400	0.00262871 
470500	0.00262875 
470600	0.00262879 
470700	0.00262883 
470800	0.00262887 
470900	0.00262892 
471000	0.00262896 
471100	0.002629 
471200	0.00262904 
471300	0.00262908 
471400	0.00262912 
471500	0.00262916 
471600	0.0026292 
471700	0.00262924 
471800	0.00262928 
471900	0.00262932 
472000	0.00262937 
472100	0.00262941 
472200	0.00262945 
472300	0.00262949 
472400	0.00262953 
472500	0.00262957 
472600	0.00262961 
472700	0.00262964 
472800	0.00262968 
472900	0.00262972 
473000	0.00262976 
473100	0.0026298 
473200	0.00262984 
473300	0.00262988 
473400	0.00262992 
473500	0.00262996 
473600	0.00263 
473700	0.00263004 
473800	0.00263007 
473900	0.00263011 
474000	0.00263015 
474100	0.00263019 
474200	0.00263023 
474300	0.00263026 
474400	0.0026303 
474500	0.00263034 
474600	0.00263038 
474700	0.00263042 
474800	0.00263045 
474900	0.00263049 
475000	0.00263053 
475100	0.00263057 
475200	0.0026306 
475300	0.00263064 
475400	0.00263068 
475500	0.00263071 
475600	0.00263075 
475700	0.00263079 
475800	0.00263082 
475900	0.00263086 
476000	0.0026309 
476100	0.00263093 
476200	0.00263097 
476300	0.002631 
476400	0.00263104 
476500	0.00263107 
476600	0.00263111 
476700	0.00263115 
476800	0.00263118 
476900	0.00263122 
477000	0.00263125 
477100	0.00263129 
477200	0.00263132 
477300	0.00263136 
477400	0.00263139 
477500	0.00263143 
477600	0.00263146 
477700	0.0026315 
477800	0.00263153 
477900	0.00263157 
478000	0.0026316 
478100	0.00263163 
478200	0.00263167 
478300	0.0026317 
478400	0.00263174 
478500	0.00263177 
478600	0.0026318 
478700	0.00263184 
478800	0.00263187 
478900	0.0026319 
479000	0.00263194 
479100	0.00263197 
479200	0.002632 
479300	0.00263204 
479400	0.00263207 
479500	0.0026321 
479600	0.00263213 
479700	0.00263217 
479800	0.0026322 
479900	0.00263223 
480000	0.00263226 
480100	0.0026323 
480200	0.00263233 
480300	0.00263236 
480400	0.00263239 
480500	0.00263243 
480600	0.00263246 
480700	0.00263249 
480800	0.00263252 
480900	0.00263255 
481000	0.00263258 
481100	0.00263261 
481200	0.00263265 
481300	0.00263268 
481400	0.00263271 
481500	0.00263274 
481600	0.00263277 
481700	0.0026328 
481800	0.00263283 
481900	0.00263286 
482000	0.00263289 
482100	0.00263292 
482200	0.00263295 
482300	0.00263298 
482400	0.00263301 
482500	0.00263304 
482600	0.00263307 
482700	0.0026331 
482800	0.00263313 
482900	0.00263316 
483000	0.00263319 
483100	0.00263322 
483200	0.00263325 
483300	0.00263328 
483400	0.00263331 
483500	0.00263334 
483600	0.00263337 
483700	0.0026334 
483800	0.00263343 
483900	0.00263345 
484000	0.00263348 
484100	0.00263351 
484200	0.00263354 
484300	0.00263357 
484400	0.0026336 
484500	0.00263362 
484600	0.00263365 
484700	0.00263368 
484800	0.00263371 
484900	0.00263374 
485000	0.00263376 
485100	0.00263379 
485200	0.00263382 
485300	0.00263385 
485400	0.00263387 
485500	0.0026339 
485600	0.00263393 
485700	0.00263396 
485800	0.00263398 
485900	0.00263401 
486000	0.00263404 
486100	0.00263406 
486200	0.00263409 
486300	0.00263412 
486400	0.00263414 
486500	0.00263417 
486600	0.0026342 
486700	0.00263422 
486800	0.00263425 
486900	0.00263428 
487000	0.0026343 
487100	0.00263433 
487200	0.00263435 
487300	0.00263438 
487400	0.00263441 
487500	0.00263443 
487600	0.00263446 
487700	0.00263448 
487800	0.00263451 
487900	0.00263453 
488000	0.00263456 
488100	0.00263458 
488200	0.00263461 
488300	0.00263463 
488400	0.00263466 
488500	0.00263468 
488600	0.00263471 
488700	0.00263473 
488800	0.00263476 
488900	0.00263478 
489000	0.0026348 
489100	0.00263483 
489200	0.00263485 
489300	0.00263488 
489400	0.0026349 
489500	0.00263493 
489600	0.00263495 
489700	0.00263497 
489800	0.002635 
489900	0.00263502 
490000	0.00263504 
490100	0.00263507 
490200	0.00263509 
490300	0.00263511 
490400	0.00263514 
490500	0.00263516 
490600	0.00263518 
490700	0.00263521 
490800	0.00263523 
490900	0.00263525 
491000	0.00263527 
491100	0.0026353 
491200	0.00263532 
491300	0.00263534 
491400	0.00263536 
491500	0.00263539 
491600	0.00263541 
491700	0.00263543 
491800	0.00263545 
491900	0.00263548 
492000	0.0026355 
492100	0.00263552 
492200	0.00263554 
492300	0.00263556 
492400	0.00263558 
492500	0.00263561 
492600	0.00263563 
492700	0.00263565 
492800	0.00263567 
492900	0.00263569 
493000	0.00263571 
493100	0.00263573 
493200	0.00263575 
493300	0.00263577 
493400	0.0026358 
493500	0.00263582 
493600	0.00263584 
493700	0.00263586 
493800	0.00263588 
493900	0.0026359 
494000	0.00263592 
494100	0.00263594 
494200	0.00263596 
494300	0.00263598 
494400	0.002636 
494500	0.00263602 
494600	0.00263604 
494700	0.00263606 
494800	0.00263608 
494900	0.0026361 
495000	0.00263612 
495100	0.00263614 
495200	0.00263616 
495300	0.00263618 
495400	0.0026362 
495500	0.00263622 
495600	0.00263623 
495700	0.00263625 
495800	0.00263627 
495900	0.00263629 
496000	0.00263631 
496100	0.00263633 
496200	0.00263635 
496300	0.00263637 
496400	0.00263638 
496500	0.0026364 
496600	0.00263642 
496700	0.00263644 
496800	0.00263646 
496900	0.00263648 
497000	0.00263649 
497100	0.00263651 
497200	0.00263653 
497300	0.00263655 
497400	0.00263657 
497500	0.00263658 
497600	0.0026366 
497700	0.00263662 
497800	0.00263664 
497900	0.00263665 
498000	0.00263667 
498100	0.00263669 
498200	0.00263671 
498300	0.00263672 
498400	0.00263674 
498500	0.00263676 
498600	0.00263677 
498700	0.00263679 
498800	0.00263681 
498900	0.00263683 
499000	0.00263684 
499100	0.00263686 
499200	0.00263688 
499300	0.00263689 
499400	0.00263691 
499500	0.00263692 
499600	0.00263694 
499700	0.00263696 
499800	0.00263697 
499900	0.00263699 
500000	0.00263701 
500100	0.00263702 
500200	0.00263704 
500300	0.00263705 
500400	0.00263707 
500500	0.00263708 
500600	0.0026371 
500700	0.00263712 
500800	0.00263713 
500900	0.00263715 
501000	0.00263716 
501100	0.00263718 
501200	0.00263719 
501300	0.00263721 
501400	0.00263722 
501500	0.00263724 
501600	0.00263725 
501700	0.00263727 
501800	0.00263728 
501900	0.0026373 
502000	0.00263731 
502100	0.00263733 
502200	0.00263734 
502300	0.00263736 
502400	0.00263737 
502500	0.00263738 
502600	0.0026374 
502700	0.00263741 
502800	0.00263743 
502900	0.00263744 
503000	0.00263745 
503100	0.00263747 
503200	0.00263748 
503300	0.0026375 
503400	0.00263751 
503500	0.00263752 
503600	0.00263754 
503700	0.00263755 
503800	0.00263756 
503900	0.00263758 
504000	0.00263759 
504100	0.0026376 
504200	0.00263762 
504300	0.00263763 
504400	0.00263764 
504500	0.00263766 
504600	0.00263767 
504700	0.00263768 
504800	0.0026377 
504900	0.00263771 
505000	0.00263772 
505100	0.00263773 
505200	0.00263775 
505300	0.00263776 
505400	0.00263777 
505500	0.00263779 
505600	0.0026378 
505700	0.00263781 
505800	0.00263782 
505900	0.00263783 
506000	0.00263785 
506100	0.00263786 
506200	0.00263787 
506300	0.00263788 
506400	0.00263789 
506500	0.00263791 
506600	0.00263792 
506700	0.00263793 
506800	0.00263794 
506900	0.00263795 
507000	0.00263797 
507100	0.00263798 
507200	0.00263799 
507300	0.002638 
507400	0.00263801 
507500	0.00263802 
507600	0.00263803 
507700	0.00263804 
507800	0.00263806 
507900	0.00263807 
508000	0.00263808 
508100	0.00263809 
508200	0.0026381 
508300	0.00263811 
508400	0.00263812 
508500	0.00263813 
508600	0.00263814 
508700	0.00263815 
508800	0.00263816 
508900	0.00263817 
509000	0.00263818 
509100	0.0026382 
509200	0.00263821 
509300	0.00263822 
509400	0.00263823 
509500	0.00263824 
509600	0.00263825 
509700	0.00263826 
509800	0.00263827 
509900	0.00263828 
510000	0.00263829 
510100	0.0026383 
510200	0.00263831 
510300	0.00263832 
510400	0.00263833 
510500	0.00263833 
510600	0.00263834 
510700	0.00263835 
510800	0.00263836 
510900	0.00263837 
511000	0.00263838 
511100	0.00263839 
511200	0.0026384 
511300	0.00263841 
511400	0.00263842 
511500	0.00263843 
511600	0.00263844 
511700	0.00263845 
511800	0.00263846 
511900	0.00263846 
512000	0.00263847 
512100	0.00263848 
512200	0.00263849 
512300	0.0026385 
512400	0.00263851 
512500	0.00263852 
512600	0.00263852 
512700	0.00263853 
512800	0.00263854 
512900	0.00263855 
513000	0.00263856 
513100	0.00263857 
513200	0.00263857 
513300	0.00263858 
513400	0.00263859 
513500	0.0026386 
513600	0.00263861 
513700	0.00263862 
513800	0.00263862 
513900	0.00263863 
514000	0.00263864 
514100	0.00263865 
514200	0.00263865 
514300	0.00263866 
514400	0.00263867 
514500	0.00263868 
514600	0.00263869 
514700	0.00263869 
514800	0.0026387 
514900	0.00263871 
515000	0.00263871 
515100	0.00263872 
515200	0.00263873 
515300	0.00263874 
515400	0.00263874 
515500	0.00263875 
515600	0.00263876 
515700	0.00263877 
515800	0.00263877 
515900	0.00263878 
516000	0.00263879 
516100	0.00263879 
516200	0.0026388 
516300	0.00263881 
516400	0.00263881 
516500	0.00263882 
516600	0.00263883 
516700	0.00263883 
516800	0.00263884 
516900	0.00263885 
517000	0.00263885 
517100	0.00263886 
517200	0.00263887 
517300	0.00263887 
517400	0.00263888 
517500	0.00263888 
517600	0.00263889 
517700	0.0026389 
517800	0.0026389 
517900	0.00263891 
518000	0.00263891 
518100	0.00263892 
518200	0.00263893 
518300	0.00263893 
518400	0.00263894 
518500	0.00263894 
518600	0.00263895 
518700	0.00263896 
518800	0.00263896 
518900	0.00263897 
519000	0.00263897 
519100	0.00263898 
519200	0.00263898 
519300	0.00263899 
519400	0.00263899 
519500	0.002639 
519600	0.00263901 
519700	0.00263901 
519800	0.00263902 
519900	0.00263902 
520000	0.00263903 
520100	0.00263903 
520200	0.00263904 
520300	0.00263904 
520400	0.00263905 
520500	0.00263905 
520600	0.00263906 
520700	0.00263906 
520800	0.00263907 
520900	0.00263907 
521000	0.00263908 
521100	0.00263908 
521200	0.00263909 
521300	0.00263909 
521400	0.0026391 
521500	0.0026391